timestamps:
  login: 1588741993963
  lastteleport: 1588740430609
  logout: 1588743216640
lastlocation:
  world: world
  x: 273.94435758329837
  y: 63.0
  z: -454.81430586218517
  yaw: 255.90025
  pitch: 10.649965
logoutlocation:
  world: world
  x: -1076.069962702632
  y: 79.0
  z: -60.85746297200002
  yaw: 38.68286
  pitch: 6.299974
money: '1213203'
ip-address: 190.102.239.18
last-account-name: wila
