timestamps:
  login: 1610831651345
  logout: 1610831843214
lastlocation:
  world: world
  x: 415.58634376613696
  y: 64.0
  z: -514.2977530767774
  yaw: 2.2499084
  pitch: 0.44995978
logoutlocation:
  world: world
  x: 419.0116275277438
  y: 83.0
  z: -387.2119590315512
  yaw: 328.35107
  pitch: 18.599808
money: '1169202'
ip-address: 190.114.48.37
last-account-name: BellCheloCranell
