timestamps:
  login: 1641936062903
  logout: 1641937798172
  lastteleport: 1641937285132
lastlocation:
  world: world
  x: 369.91331099364214
  y: 70.5
  z: -442.00003176835827
  yaw: 257.9999
  pitch: -14.55002
logoutlocation:
  world: world
  x: 416.4790958658236
  y: 70.0
  z: -495.0879726123111
  yaw: 2.2499084
  pitch: 0.44995978
money: '1309202'
ip-address: 201.241.56.246
last-account-name: Storbo22
lastAccountName: Storbo22
ipAddress: 201.241.56.246
