timestamps:
  login: 1592871046803
  logout: 1592871056759
lastlocation:
  world: world
  x: 415.58634376613696
  y: 64.0
  z: -514.2977530767774
  yaw: 2.2499084
  pitch: 0.44995978
logoutlocation:
  world: world
  x: 4883.480883591498
  y: 79.0
  z: 2622.864211969862
  yaw: 170.99997
  pitch: 49.650017
money: '1213203'
ip-address: 190.160.186.164
last-account-name: Eseck1
