timestamps:
  login: 1620440364310
  logout: 1620446271392
  lastteleport: 1620445992420
lastlocation:
  world: world
  x: 438.96851909497906
  y: 78.0
  z: 502.92931913947575
  yaw: 94.4624
  pitch: 12.899929
money: '1033027.0'
logoutlocation:
  world: world
  x: -28.72757757894781
  y: 70.0
  z: -1960.9187949948114
  yaw: 68.69693
  pitch: 22.499813
ip-address: 181.43.130.34
last-account-name: Matroxmatrix
