timestamps:
  login: 1613075056731
  lastteleport: 1613077203405
  logout: 1613077957285
lastlocation:
  world: world
  x: 1164.699999988079
  y: 70.0
  z: 1918.699999988079
  yaw: 265.30444
  pitch: 21.749594
money: '1192202'
logoutlocation:
  world: world
  x: 1163.5845944766504
  y: 75.0
  z: 1921.0804869515428
  yaw: -37.77356
  pitch: 20.248337
ip-address: 190.46.155.136
last-account-name: Anjelshit
