timestamps:
  login: 1626913879612
  logout: 1626913978370
lastlocation:
  world: world
  x: 415.58634376613696
  y: 64.0
  z: -514.2977530767774
  yaw: 2.2499084
  pitch: 0.44995978
logoutlocation:
  world: world
  x: 415.2427675480608
  y: 63.5
  z: -508.56992816929227
  yaw: 8.686383
  pitch: -2.850155
money: '175000'
ip-address: 186.21.194.86
last-account-name: pialol
