lastAccountName: diegooceanico
timestamps:
  login: 1644721539852
  logout: 1644721700885
ipAddress: 200.74.8.42
lastlocation:
  world: world
  x: 415.58634376613696
  y: 64.0
  z: -514.2977530767774
  yaw: 2.2499084
  pitch: 0.44995978
logoutlocation:
  world: world
  x: 411.6556967238411
  y: 85.8500000178814
  z: -409.65768373508666
  yaw: 312.4484
  pitch: 18.170212
