timestamps:
  login: 1588796254391
  logout: 1588796662347
lastlocation:
  world: world
  x: 415.58634376613696
  y: 64.0
  z: -514.2977530767774
  yaw: 2.2499084
  pitch: 0.44995978
logoutlocation:
  world: world
  x: 398.7220648370609
  y: 87.0
  z: -418.3936852576712
  yaw: 66.90918
  pitch: 6.749882
money: '1213203'
ip-address: 170.150.156.87
last-account-name: azgo
