timestamps:
  login: 1619293189498
  logout: 1619293749085
lastlocation:
  world: world
  x: 415.58634376613696
  y: 64.0
  z: -514.2977530767774
  yaw: 2.2499084
  pitch: 0.44995978
logoutlocation:
  world: world
  x: 414.69999998807907
  y: 64.0
  z: -521.2639627802479
  yaw: -259.9356
  pitch: 14.146305
money: '970002'
ip-address: 152.173.223.116
last-account-name: 27kdilan_xd
