timestamps:
  login: 1625286043979
  logout: 1625286096587
  lastteleport: 1625284351916
lastlocation:
  world: world
  x: 491.14225751176997
  y: 76.0
  z: 542.7801367154907
  yaw: -188.67285
  pitch: 1.4997511
logoutlocation:
  world: world
  x: -61.8372150366928
  y: 74.0
  z: -501.20725332252925
  yaw: -117.17807
  pitch: 27.149557
money: '181000'
ip-address: 190.161.169.152
last-account-name: Diego999
