timestamps:
  login: 1633838869224
  lastteleport: 1633840222124
  logout: 1633843910276
lastlocation:
  world: world
  x: 425.45015116414055
  y: 77.0
  z: -413.7367737720413
  yaw: 157.2099
  pitch: 11.849868
money: '131000'
logoutlocation:
  world: world
  x: -3967.7784302431073
  y: 71.0
  z: 951.0651144990572
  yaw: -271.64893
  pitch: 2.6998484
ip-address: 190.164.138.227
last-account-name: Edwardxd01
