timestamps:
  login: 1608416375095
  logout: 1608416939156
lastlocation:
  world: world
  x: 415.58634376613696
  y: 64.0
  z: -514.2977530767774
  yaw: 2.2499084
  pitch: 0.44995978
logoutlocation:
  world: world
  x: 448.39339706410084
  y: 78.0
  z: -452.6999999880791
  yaw: 283.4961
  pitch: 9.900058
money: '1170202'
ip-address: 181.43.217.220
last-account-name: kikyo123
