timestamps:
  login: 1626849390766
  lastteleport: 1626853412612
  logout: 1626853435040
lastlocation:
  world: world
  x: -3001.451829752766
  y: 71.5
  z: -4525.588324764778
  yaw: 176.94604
  pitch: 30.599997
logoutlocation:
  world: world
  x: 421.7943197792516
  y: 64.0
  z: -514.1985923316748
  yaw: 263.99982
  pitch: 11.249949
money: '175000'
ip-address: 190.101.109.204
last-account-name: Victoriaafop
