timestamps:
  login: 1594693603257
  logout: 1594693714165
lastlocation:
  world: world
  x: 415.58634376613696
  y: 64.0
  z: -514.2977530767774
  yaw: 2.2499084
  pitch: 0.44995978
logoutlocation:
  world: world
  x: 431.95853421403274
  y: 82.0
  z: -419.5902324856284
  yaw: -1.6501707
  pitch: 11.249974
money: '1213203'
ip-address: 190.47.170.185
last-account-name: Potitotkm
