timestamps:
  login: 1625069064208
  logout: 1625069679603
lastlocation:
  world: world
  x: 415.58634376613696
  y: 64.0
  z: -514.2977530767774
  yaw: 2.2499084
  pitch: 0.44995978
logoutlocation:
  world: world
  x: 415.58634376613696
  y: 64.0
  z: -514.2977530767774
  yaw: -1.5000918
  pitch: 5.549962
money: '175010.0'
ip-address: 73.46.61.27
last-account-name: Goddiee
