timestamps:
  login: 1585276235386
  logout: 1585279797524
lastlocation:
  world: world
  x: 415.5
  y: 64.0
  z: -514.5
  yaw: 0.0
  pitch: 0.0
logoutlocation:
  world: world
  x: -139.30000001192093
  y: 58.0
  z: -348.69999998807907
  yaw: -328.91888
  pitch: 17.550161
money: '1213203'
ip-address: 190.47.204.244
last-account-name: SotoChikito
