timestamps:
  login: 1618858481850
  logout: 1618858703756
lastlocation:
  world: world
  x: 415.58634376613696
  y: 64.0
  z: -514.2977530767774
  yaw: 2.2499084
  pitch: 0.44995978
logoutlocation:
  world: world
  x: 489.3102390655728
  y: 62.02309088798707
  z: -228.789732555927
  yaw: 18.299025
  pitch: 18.149822
money: '1070002'
ip-address: 201.189.197.253
last-account-name: Deroy
