timestamps:
  login: 1612827734234
  lastteleport: 1612830778228
  logout: 1612831415514
lastlocation:
  world: world
  x: 1163.5866169813164
  y: 77.49520087700593
  z: 1850.9515834030424
  yaw: -154.9574
  pitch: 11.400006
money: '1198202'
logoutlocation:
  world: world
  x: 1289.3099657821808
  y: 58.0
  z: 1921.7873363191584
  yaw: 16.884907
  pitch: 27.59999
nickname: §5§licatateamo
ip-address: 190.114.42.15
last-account-name: ICATATEAMO
