timestamps:
  login: 1619069137972
  logout: 1619069292127
lastlocation:
  world: world
  x: 415.58634376613696
  y: 64.0
  z: -514.2977530767774
  yaw: 2.2499084
  pitch: 0.44995978
logoutlocation:
  world: world
  x: 346.7327787736118
  y: 60.0
  z: -161.84683718229635
  yaw: -276.92932
  pitch: 23.549864
money: '970002'
ip-address: 200.74.64.9
last-account-name: ELMOTOLANCHA
