timestamps:
  login: 1620756592884
  logout: 1620756900750
  lastteleport: 1620755133838
lastlocation:
  world: world
  x: 236.43144639237258
  y: 63.0
  z: -469.237453480537
  yaw: 268.39276
  pitch: 10.475409
logoutlocation:
  world: world
  x: 422.3582900625964
  y: 77.0
  z: -437.9631332964638
  yaw: -2.3962457
  pitch: 1.0941219
money: '970001'
ip-address: 201.239.40.130
last-account-name: DybePvP
