lastAccountName: jusmartina
timestamps:
  login: 1644890252955
  logout: 1644890258963
ipAddress: 190.20.61.168
lastlocation:
  world: world
  x: 415.58634376613696
  y: 64.0
  z: -514.2977530767774
  yaw: 2.2499084
  pitch: 0.44995978
logoutlocation:
  world: world
  x: 415.5
  y: 64.0
  z: -514.5
  yaw: 2.2499084
  pitch: 0.44995978
