timestamps:
  login: 1632877905658
  lastteleport: 1632879226177
  logout: 1632883144229
lastlocation:
  world: world
  x: 5288.793982372376
  y: 70.0
  z: 5619.446171385706
  yaw: -358.18042
  pitch: 31.050026
money: '25647.3199999999999873'
logoutlocation:
  world: world
  x: 5148.422797043472
  y: 22.0
  z: 5627.720558847306
  yaw: 176.54999
  pitch: 15.74992
ip-address: 201.188.71.54
last-account-name: tomaten21
