timestamps:
  login: 1636082202807
  lastteleport: 1636081987115
  logout: 1636082468497
lastlocation:
  world: world
  x: 3059.8905894234485
  y: 70.0
  z: 897.8194996032519
  yaw: 177.51262
  pitch: 3.5618129
money: '1875209.375'
logoutlocation:
  world: world
  x: 388.1424289264094
  y: 78.2591264085295
  z: 390.5986581678141
  yaw: -162.38751
  pitch: 26.468105
ip-address: 190.101.227.115
last-account-name: benjidiho
