timestamps:
  login: 1609482532701
  logout: 1609483740073
  lastteleport: 1609483044749
lastlocation:
  world: world
  x: -541311.3512686713
  y: 63.5
  z: -540284.1227338607
  yaw: 144.44492
  pitch: 17.69995
logoutlocation:
  world: world
  x: 420.8524908704292
  y: 64.0
  z: -514.1190077730438
  yaw: 234.89667
  pitch: 18.599964
money: '1182202'
ip-address: 200.39.137.74
last-account-name: JustLele
