timestamps:
  login: 1618698212317
  logout: 1618698233376
lastlocation:
  world: world
  x: 415.58634376613696
  y: 64.0
  z: -514.2977530767774
  yaw: 2.2499084
  pitch: 0.44995978
logoutlocation:
  world: world
  x: -247.23170902330912
  y: 64.0
  z: 469.9640643821532
  yaw: 202.97404
  pitch: 13.049741
money: '1070002'
ip-address: 170.82.190.225
last-account-name: Hashiramma
