timestamps:
  login: 1631670664482
  lastteleport: 1629404663038
  logout: 1631670699399
lastlocation:
  world: world
  x: 364.26802607725244
  y: 78.0
  z: -711.5024232431219
  yaw: 340.7525
  pitch: 28.591839
money: '34500.0'
logoutlocation:
  world: world
  x: 415.58634376613696
  y: 64.0
  z: -514.2977530767774
  yaw: 35.732697
  pitch: 8.713072
ip-address: 186.21.197.98
last-account-name: amaro_rv
