timestamps:
  login: 1597715978690
  logout: 1597722117088
  lastteleport: 1597718075300
lastlocation:
  world: world
  x: 421.72079425734074
  y: 60.0
  z: -268.7336637569184
  yaw: 57.601685
  pitch: 0.4500011
logoutlocation:
  world: world
  x: 405.224989827164
  y: 84.0
  z: -262.2543475243804
  yaw: -172.05246
  pitch: 6.8999863
money: '1212235.15099999999999735'
ip-address: 200.90.169.18
last-account-name: Tarafagat
