lastAccountName: Peniguais26
timestamps:
  login: 1645761039306
  logout: 1645761112707
ipAddress: 191.112.48.175
lastlocation:
  world: world
  x: 415.58634376613696
  y: 64.0
  z: -514.2977530767774
  yaw: 2.2499084
  pitch: 0.44995978
logoutlocation:
  world: world
  x: 415.4305690857505
  y: 77.0
  z: -461.6299295300844
  yaw: 75.60051
  pitch: 3.7499619
