timestamps:
  login: 1587944693581
  logout: 1587945721600
lastlocation:
  world: world
  x: 415.58634376613696
  y: 64.0
  z: -514.2977530767774
  yaw: 2.2499084
  pitch: 0.44995978
logoutlocation:
  world: world
  x: 3152.699999988079
  y: 68.0
  z: 3290.3028558799897
  yaw: 17.428467
  pitch: 37.04931
money: '1213203'
ip-address: 190.164.238.123
last-account-name: xSearF
