timestamps:
  login: 1613004923746
  lastteleport: 1613007556470
  logout: 1613007875475
lastlocation:
  world: world
  x: 1685.4538670200238
  y: 74.0
  z: 2035.7803224806362
  yaw: -204.0918
  pitch: 48.74992
money: '1202233.500'
logoutlocation:
  world: world
  x: 1690.862500011921
  y: 86.0
  z: 2028.300000011921
  yaw: -65.098854
  pitch: 10.658906
ip-address: 152.174.12.31
last-account-name: Hisokka1312
