timestamps:
  login: 1623649931947
  lastteleport: 1623650104334
  logout: 1623651923355
lastlocation:
  world: world
  x: 491.1303154337256
  y: 76.0
  z: 533.177192461071
  yaw: -90.01833
  pitch: 22.349958
money: '176372.0050000000000025'
logoutlocation:
  world: world
  x: 1.6455791647516775
  y: 71.0
  z: -28.347653343398402
  yaw: -180.33582
  pitch: 23.549326
ip-address: 200.74.1.224
last-account-name: soffigh_
