lastAccountName: blitziam
timestamps:
  login: 1644874411883
  logout: 1644874774651
ipAddress: 190.160.231.109
lastlocation:
  world: world
  x: 415.58634376613696
  y: 64.0
  z: -514.2977530767774
  yaw: 2.2499084
  pitch: 0.44995978
logoutlocation:
  world: world
  x: 422.8557007902614
  y: 77.0
  z: -480.5729432579959
  yaw: 50.94481
  pitch: 14.625042
