timestamps:
  login: 1586302295639
  logout: 1586303406943
lastlocation:
  world: world
  x: 415.5
  y: 64.0
  z: -514.5
  yaw: 0.0
  pitch: 0.0
logoutlocation:
  world: world
  x: 165.98722769288358
  y: 67.0
  z: -483.68155986873154
  yaw: 232.50452
  pitch: 24.74992
money: '1213203'
ip-address: 186.20.153.216
last-account-name: zSirDarkKuro_
