timestamps:
  login: 1636177170301
  lastteleport: 1636176735867
  logout: 1636178632912
lastlocation:
  world: world
  x: 470.09828288730864
  y: 77.0
  z: 528.5828852564078
  yaw: -266.08746
  pitch: 7.6544447
money: '51800.0'
logoutlocation:
  world: world
  x: 158.15135812198793
  y: 4.0
  z: -625.6999999880791
  yaw: -243.61511
  pitch: 32.50488
ip-address: 186.78.84.16
last-account-name: frenton
