timestamps:
  login: 1593738781327
  logout: 1593739588423
lastlocation:
  world: world
  x: 415.58634376613696
  y: 64.0
  z: -514.2977530767774
  yaw: 2.2499084
  pitch: 0.44995978
logoutlocation:
  world: world
  x: 2152.8947812896095
  y: 74.05000001192093
  z: -713.6795468379656
  yaw: -281.1628
  pitch: 67.20013
money: '1213203'
ip-address: 201.241.128.2
last-account-name: Phokz
