lastAccountName: crispsx
timestamps:
  login: 1644098575206
  logout: 1644098582123
ipAddress: 190.114.41.138
lastlocation:
  world: world
  x: 415.58634376613696
  y: 64.0
  z: -514.2977530767774
  yaw: 2.2499084
  pitch: 0.44995978
logoutlocation:
  world: world
  x: 415.5404316674017
  y: 63.5
  z: -512.0578572163688
  yaw: 23.399912
  pitch: 23.399954
