timestamps:
  login: 1618866098356
  lastteleport: 1618866226024
  logout: 1618866414346
lastlocation:
  world: world
  x: 398.88568616504836
  y: 77.0
  z: -447.37662698547
  yaw: 235.79465
  pitch: 5.3425436
money: '1096002'
logoutlocation:
  world: world
  x: 57.17389168135601
  y: 70.0
  z: 637.3731517750296
  yaw: -227.53737
  pitch: 20.709326
ip-address: 201.241.0.206
last-account-name: DarkMil15
