timestamps:
  login: 1592016506798
  logout: 1592030373467
lastlocation:
  world: world
  x: -4384.5
  y: 55.0000002
  z: -3497.5
  yaw: -46.800022
  pitch: 7.8000097
money: '1214692.02400000000005260'
logoutlocation:
  world: world
  x: -4371.315341294801
  y: 55.0
  z: -3499.148879104717
  yaw: 179.90239
  pitch: -2.3992124
ip-address: 186.105.16.35
last-account-name: Pablo
