timestamps:
  login: 1585277422799
  logout: 1585277663425
lastlocation:
  world: world
  x: 415.5
  y: 64.0
  z: -514.5
  yaw: 0.0
  pitch: 0.0
logoutlocation:
  world: world
  x: 441.15459363726035
  y: 71.0
  z: -284.2514253367832
  yaw: 184.7998
  pitch: -22.049974
money: '1213203'
ip-address: 190.164.117.163
last-account-name: TheMamberroi
