timestamps:
  login: 1622330734571
  lastteleport: 1622330848763
  logout: 1622331133701
lastlocation:
  world: world
  x: 417.03910418900637
  y: 68.0
  z: -498.40760554159016
  yaw: -75.34101
  pitch: -4.3778973
money: '881000'
logoutlocation:
  world: world
  x: 1438.300000011921
  y: 60.0
  z: 2502.300000011921
  yaw: 319.78198
  pitch: 81.823746
ip-address: 200.120.169.6
last-account-name: alejandro
