timestamps:
  login: 1612933231046
  lastteleport: 1612934256705
  logout: 1612934678099
lastlocation:
  world: world
  x: 415.58634376613696
  y: 64.0
  z: -514.2977530767774
  yaw: 7.4999228
  pitch: 3.7499413
money: '1302202'
logoutlocation:
  world: world
  x: 1235.3900787288576
  y: 63.0
  z: 1864.2753344597384
  yaw: 260.146
  pitch: 14.09982
ip-address: 201.241.4.60
last-account-name: Elguruguru
