timestamps:
  login: 1599680266930
  lastteleport: 1599680430851
  logout: 1599685430194
lastlocation:
  world: world
  x: -4485.7164478495715
  y: 56.0625
  z: 2784.9018598183643
  yaw: 88.63807
  pitch: 27.600424
logoutlocation:
  world: world
  x: -4420.228387726519
  y: 104.0
  z: 2884.1642245193793
  yaw: 154.84961
  pitch: 23.999825
money: '1212202'
ip-address: 186.11.95.115
last-account-name: Dilaon
