timestamps:
  login: 1599113476914
  logout: 1599113834048
lastlocation:
  world: world
  x: 415.58634376613696
  y: 64.0
  z: -514.2977530767774
  yaw: 2.2499084
  pitch: 0.44995978
logoutlocation:
  world: world
  x: -4440.0438039408555
  y: 67.0
  z: 2777.2113579363318
  yaw: -132.89977
  pitch: 24.149908
money: '1212202'
ip-address: 187.189.91.151
last-account-name: Kai00
