timestamps:
  login: 1632712964920
  lastteleport: 1632714849591
  logout: 1632715560776
lastlocation:
  world: world
  x: 5223.438124913953
  y: 117.0
  z: 5538.426448162231
  yaw: -80.07548
  pitch: 10.317251
money: '25007.6'
logoutlocation:
  world: world
  x: 5249.3625753131555
  y: 108.0
  z: 5539.388810643266
  yaw: -54.74963
  pitch: 30.74999
ip-address: 201.188.68.52
last-account-name: steve
