timestamps:
  login: 1595704370533
  lastteleport: 1595704375008
  logout: 1595704421319
lastlocation:
  world: world
  x: 415.50130565050165
  y: 64.0
  z: -513.2086189858766
  yaw: -3.0534923
  pitch: 2.438735
logoutlocation:
  world: world
  x: 482.7586370856764
  y: 76.9375
  z: 662.913324202585
  yaw: -118.475784
  pitch: 16.759462
money: '1213202'
ip-address: 170.150.156.89
last-account-name: Nashos
