timestamps:
  login: 1624766059041
  lastteleport: 1624766641670
  logout: 1624772134611
lastlocation:
  world: world
  x: -3998.6005008175034
  y: 71.0
  z: 956.0157941846938
  yaw: 319.88696
  pitch: 28.210793
money: '320100'
logoutlocation:
  world: world
  x: -3998.5753486505832
  y: 76.0
  z: 1006.1526094285507
  yaw: 178.55692
  pitch: 27.726795
ip-address: 207.248.198.253
last-account-name: Alvarx7
