timestamps:
  login: 1632884547614
  logout: 1632884893148
  lastteleport: 1632884759571
lastlocation:
  world: world
  x: 413.17078706497824
  y: 64.0
  z: -515.1938764325723
  yaw: -184.80005
  pitch: 13.349962
logoutlocation:
  world: world
  x: 5223.422077332847
  y: 117.0
  z: 5540.724111207734
  yaw: -97.025635
  pitch: 24.867348
money: '426488.6040000000000020'
ip-address: 201.188.68.52
last-account-name: AstroVio
