timestamps:
  login: 1592796619919
  logout: 1592801479659
lastlocation:
  world: world
  x: 415.58634376613696
  y: 64.0
  z: -514.2977530767774
  yaw: 2.2499084
  pitch: 0.44995978
money: '1213982.1049999999999947'
logoutlocation:
  world: world
  x: -2963.9562181925853
  y: 68.0
  z: -4530.816656052564
  yaw: 266.29752
  pitch: 4.6500034
ip-address: 181.72.40.251
last-account-name: kritiko_
