timestamps:
  login: 1597726698696
  logout: 1597740219570
lastlocation:
  world: world
  x: 415.58634376613696
  y: 64.0
  z: -514.2977530767774
  yaw: 2.2499084
  pitch: 0.44995978
money: '1212359.3300000000000002'
logoutlocation:
  world: world
  x: -2899.5210847875132
  y: 70.0
  z: -4497.873874388873
  yaw: -302.6714
  pitch: 18.901602
ip-address: 190.8.121.21
last-account-name: Cosperino
