timestamps:
  login: 1596929326659
  logout: 1596932489293
  lastteleport: 1596062221458
lastlocation:
  world: world
  x: -1840.5309479205343
  y: 63.0
  z: -3447.1852937665094
  yaw: -323.3385
  pitch: 18.000008
money: '1214826.99500000000006144'
logoutlocation:
  world: world
  x: -3036.16831375354
  y: 74.0
  z: -4376.853533261001
  yaw: -0.94708925
  pitch: 36.599987
ip-address: 190.163.151.176
last-account-name: Leftz99
