timestamps:
  login: 1625290278792
  lastteleport: 1625284349235
  logout: 1625290650046
lastlocation:
  world: world
  x: 490.0628303349915
  y: 76.0
  z: 542.5537063147627
  yaw: 214.17395
  pitch: 16.200014
money: '181000'
logoutlocation:
  world: world
  x: -1848.3780637104178
  y: 71.0
  z: 287.89968382671213
  yaw: 241.65057
  pitch: 22.049963
ip-address: 190.114.33.129
last-account-name: ramasdebonsai
