timestamps:
  login: 1595997785812
  logout: 1595997964529
lastlocation:
  world: world
  x: 415.58634376613696
  y: 64.0
  z: -514.2977530767774
  yaw: 2.2499084
  pitch: 0.44995978
logoutlocation:
  world: world
  x: 777.4369240634072
  y: 72.0
  z: -355.9908152778477
  yaw: -50.10211
  pitch: -0.14996862
money: '1212202'
ip-address: 190.5.32.87
last-account-name: EcRoSe1
