teleportenabled: true
teleportauto: false
godmode: false
muted: false
jailed: false
ip-address: 170.82.189.161
afk: false
socialspy: false
npc: false
powertoolsenabled: true
accepting-pay: true
baltop-exempt: false
timestamps:
  lastteleport: 1667587892678
  lastheal: 0
  mute: 0
  jail: 0
  onlinejail: 0
  logout: 1667588458219
  login: 1667586238734
money: '497650.0'
last-account-name: Lordpalomauwu
lastlocation:
  world: 6275cffa-8abc-4618-9934-0e82135ccf7a
  world-name: world
  x: -2311.542169307162
  y: -50.0
  z: 713.0491551750616
  yaw: -64.45916748046875
  pitch: 16.530031204223633
logoutlocation:
  world: 6275cffa-8abc-4618-9934-0e82135ccf7a
  world-name: world
  x: -2285.419664707935
  y: 63.0
  z: 590.3906950266917
  yaw: 54.35228729248047
  pitch: -29.248987197875977
homes:
  agujero:
    world: 6275cffa-8abc-4618-9934-0e82135ccf7a
    world-name: world
    x: 233.30000001192093
    y: 66.0
    z: 1181.300000011921
    yaw: -91.1229476928711
    pitch: 5.621152877807617
  de:
    world: 6275cffa-8abc-4618-9934-0e82135ccf7a
    world-name: world
    x: 180.66925026628482
    y: 69.0
    z: 1793.2254200477544
    yaw: 101.75128936767578
    pitch: 3.086609125137329
  oro:
    world: 6275cffa-8abc-4618-9934-0e82135ccf7a
    world-name: world
    x: -2291.300000011921
    y: -20.0
    z: 657.5123330419232
    yaw: 89.76318359375
    pitch: 25.227890014648438
  casa:
    world: 6275cffa-8abc-4618-9934-0e82135ccf7a
    world-name: world
    x: -2277.699999988079
    y: 64.0
    z: 617.2173644948589
    yaw: -129.8612060546875
    pitch: 21.414308547973633
  mina:
    world: 6275cffa-8abc-4618-9934-0e82135ccf7a
    world-name: world
    x: -2310.6329256251843
    y: -48.0
    z: 720.4107052683644
    yaw: -166.58721923828125
    pitch: 21.765010833740234
