timestamps:
  login: 1596165039954
  lastteleport: 1596167092401
  logout: 1596169112415
lastlocation:
  world: world
  x: 2139.388986176763
  y: 69.0587968405392
  z: -713.9719448587257
  yaw: -293.8601
  pitch: 20.700071
logoutlocation:
  world: world
  x: 416.2887818054073
  y: 67.0
  z: -502.0721681220773
  yaw: -177.29994
  pitch: 18.14995
money: '1212202'
ip-address: 190.100.32.37
last-account-name: Daniel3431
