timestamps:
  login: 1620442429039
  lastteleport: 1619238917335
  logout: 1620445125841
lastlocation:
  world: world
  x: 422.33651345524277
  y: 95.0
  z: -121.15199676050311
  yaw: -326.2916
  pitch: 49.91019
money: '995109.875'
logoutlocation:
  world: world
  x: -167.51672711939656
  y: 70.0
  z: -1984.3766962797379
  yaw: 49.930267
  pitch: 22.033121
ip-address: 181.43.131.234
last-account-name: MatiVice
