timestamps:
  login: 1585968457270
  logout: 1585970356115
lastlocation:
  world: world
  x: 415.5
  y: 64.0
  z: -514.5
  yaw: 0.0
  pitch: 0.0
logoutlocation:
  world: world
  x: -3138.5100534409057
  y: 59.0
  z: -1514.6260231253564
  yaw: 110.33157
  pitch: -17.669254
money: '1213669.3762499999999957'
ip-address: 190.163.226.62
last-account-name: '645362'
