timestamps:
  login: 1595744244482
  logout: 1595745167065
lastlocation:
  world: world
  x: 415.58634376613696
  y: 64.0
  z: -514.2977530767774
  yaw: 2.2499084
  pitch: 0.44995978
logoutlocation:
  world: world
  x: -644.6999999880791
  y: 65.0
  z: -1525.699999988079
  yaw: -112.21403
  pitch: 42.450016
money: '1213202'
ip-address: 181.72.42.198
last-account-name: Hokage
