timestamps:
  login: 1627789694929
  logout: 1627790028189
lastlocation:
  world: world
  x: 415.58634376613696
  y: 64.0
  z: -514.2977530767774
  yaw: 2.2499084
  pitch: 0.44995978
money: '275000'
logoutlocation:
  world: world
  x: -4134.970306048287
  y: 79.0
  z: 764.3000000119209
  yaw: 203.81877
  pitch: 45.391174
ip-address: 186.105.114.29
last-account-name: MussTapia321
