timestamps:
  login: 1612559103554
  logout: 1612559179606
  lastteleport: 1612559157300
lastlocation:
  world: world
  x: 758.2365782758656
  y: 64.53584062504456
  z: -311.40706872763496
  yaw: 268.80603
  pitch: 40.261276
money: '1219202'
logoutlocation:
  world: world
  x: 1263.7873117496868
  y: 70.0
  z: 1853.3106679868256
  yaw: 221.79433
  pitch: 13.8001
ip-address: 186.21.141.185
last-account-name: im_xel0
