timestamps:
  login: 1619188188805
  logout: 1619188876346
lastlocation:
  world: world
  x: 415.58634376613696
  y: 64.0
  z: -514.2977530767774
  yaw: 2.2499084
  pitch: 0.44995978
logoutlocation:
  world: world
  x: 447.4735261130929
  y: 61.0
  z: -529.0164081099474
  yaw: 180.90002
  pitch: -2.7000175
money: '1213203'
ip-address: 181.160.164.213
last-account-name: FatKat60312
