timestamps:
  login: 1613006068884
  lastteleport: 1613008486748
  logout: 1613009923428
lastlocation:
  world: world
  x: 1175.2094524956544
  y: 69.5625
  z: 1880.1808892108886
  yaw: -78.148895
  pitch: 43.65007
money: '1136009.875'
logoutlocation:
  world: world
  x: 1225.4792983458271
  y: 78.0
  z: 1925.119355850136
  yaw: -4.972473
  pitch: 1.3504488
ip-address: 200.120.189.133
last-account-name: svleming
