logoutlocation:
  world: world
  x: 415.58634376613696
  y: 64.0
  z: -514.2977530767774
  yaw: 2.2499084
  pitch: 0.44995978
timestamps:
  logout: 1604009814760
  login: 1604009814750
money: '1212202'
ip-address: 0.0.0.0
last-account-name: centniqqa
