timestamps:
  login: 1596324782875
  logout: 1596331248519
lastlocation:
  world: world
  x: 415.58634376613696
  y: 64.0
  z: -514.2977530767774
  yaw: 2.2499084
  pitch: 0.44995978
logoutlocation:
  world: world
  x: -2826.451459567158
  y: 101.0
  z: -4848.685459621472
  yaw: 31.79592
  pitch: 19.199314
money: '1212202'
ip-address: 200.83.187.128
last-account-name: CapitanPio
