timestamps:
  login: 1594609665015
  logout: 1594611196150
lastlocation:
  world: world
  x: 415.58634376613696
  y: 64.0
  z: -514.2977530767774
  yaw: 2.2499084
  pitch: 0.44995978
logoutlocation:
  world: world
  x: 243.19854072195437
  y: 63.0
  z: -374.23591183490396
  yaw: 292.63232
  pitch: 16.950085
money: '1213204.0'
ip-address: 190.163.203.210
last-account-name: maarielaguayo
