timestamps:
  login: 1615066346909
  logout: 1615066371955
lastlocation:
  world: world
  x: 415.58634376613696
  y: 64.0
  z: -514.2977530767774
  yaw: 2.2499084
  pitch: 0.44995978
logoutlocation:
  world: world
  x: 415.5
  y: 64.0
  z: -514.5
  yaw: 2.2499084
  pitch: 0.44995978
money: '1112202'
ip-address: 143.255.105.44
last-account-name: lominimo
