timestamps:
  login: 1639281889532
  lastteleport: 1639282554396
  logout: 1639282609289
lastlocation:
  world: world
  x: -1319.555438112279
  y: 66.0
  z: -1093.289953951395
  yaw: -277.50043
  pitch: 31.750011
logoutlocation:
  world: world
  x: -1350.5900383276348
  y: 92.0
  z: -212.4315294773738
  yaw: 103.79837
  pitch: 34.349964
money: '200.0'
ip-address: 186.11.66.51
last-account-name: nic_XD09
