timestamps:
  login: 1618811383668
  logout: 1618811444187
lastlocation:
  world: world
  x: 415.58634376613696
  y: 64.0
  z: -514.2977530767774
  yaw: 2.2499084
  pitch: 0.44995978
logoutlocation:
  world: world
  x: 410.6541537120274
  y: 77.0
  z: -464.878363213931
  yaw: 67.34984
  pitch: 26.999916
money: '1070002'
ip-address: 143.255.106.76
last-account-name: PEPE
