timestamps:
  login: 1618789819991
  logout: 1618790165051
lastlocation:
  world: world
  x: 415.58634376613696
  y: 64.0
  z: -514.2977530767774
  yaw: 2.2499084
  pitch: 0.44995978
logoutlocation:
  world: world
  x: -678.3000000119209
  y: 74.0
  z: 120.90541536310495
  yaw: 76.65007
  pitch: 20.999962
money: '1070002'
ip-address: 190.121.91.54
last-account-name: smokyshark1
