timestamps:
  login: 1625875545556
  lastteleport: 1625876411526
  logout: 1625876437422
lastlocation:
  world: world
  x: 422.25455717476274
  y: 69.0
  z: -523.6999999880791
  yaw: -10.961563
  pitch: 41.100327
money: '318500.0'
logoutlocation:
  world: world
  x: 416.3461178761046
  y: 64.0
  z: -513.930517161279
  yaw: 9.599661
  pitch: 33.000004
ip-address: 190.114.44.237
last-account-name: Seba
