timestamps:
  login: 1587924212945
  logout: 1587924657852
lastlocation:
  world: world
  x: 415.58634376613696
  y: 64.0
  z: -514.2977530767774
  yaw: 2.2499084
  pitch: 0.44995978
logoutlocation:
  world: world
  x: 4125.744243089437
  y: 63.0
  z: -738.7087197142134
  yaw: 89.56488
  pitch: 14.550291
money: '1213203'
ip-address: 190.46.90.135
last-account-name: Pereztroika
