timestamps:
  login: 1586279382303
  logout: 1586279923049
lastlocation:
  world: world
  x: 415.5
  y: 64.0
  z: -514.5
  yaw: 0.0
  pitch: 0.0
logoutlocation:
  world: world
  x: 173.30239836847585
  y: 63.0
  z: -479.3597909798434
  yaw: -321.19638
  pitch: 17.09998
money: '1213203'
ip-address: 190.163.65.209
last-account-name: BocchiComunista
