timestamps:
  login: 1619010691416
  logout: 1619011232726
lastlocation:
  world: world
  x: 415.58634376613696
  y: 64.0
  z: -514.2977530767774
  yaw: 2.2499084
  pitch: 0.44995978
logoutlocation:
  world: world
  x: 311.88084521951333
  y: 71.0
  z: -377.1347763140687
  yaw: -309.00018
  pitch: 23.550014
money: '1070002'
ip-address: 201.246.105.58
last-account-name: sofoko
