timestamps:
  login: 1595744051444
  logout: 1595744154122
lastlocation:
  world: world
  x: 415.58634376613696
  y: 64.0
  z: -514.2977530767774
  yaw: 2.2499084
  pitch: 0.44995978
logoutlocation:
  world: world
  x: -2999.6793944971246
  y: 69.0
  z: -4618.249406438727
  yaw: 266.38626
  pitch: 6.7499475
money: '1213203'
ip-address: 181.72.42.198
last-account-name: kritiko
