timestamps:
  login: 1636243705364
  logout: 1636244221173
lastlocation:
  world: world
  x: 415.58634376613696
  y: 64.0
  z: -514.2977530767774
  yaw: 2.2499084
  pitch: 0.44995978
money: '6400.0'
logoutlocation:
  world: world
  x: 1464.0585031390876
  y: 71.0
  z: 2620.34752590495
  yaw: -265.50348
  pitch: 34.500023
homes:
  espidi:
    world: world
    x: 1486.7599779596474
    y: 63.0
    z: 2583.735235689967
    yaw: -295.956
    pitch: 48.599926
ip-address: 170.82.189.35
last-account-name: yngpipessj
