timestamps:
  login: 1618798783442
  logout: 1618799165824
lastlocation:
  world: world
  x: 415.58634376613696
  y: 64.0
  z: -514.2977530767774
  yaw: 2.2499084
  pitch: 0.44995978
logoutlocation:
  world: world
  x: 358.30000001192093
  y: 76.0
  z: -311.30000001192093
  yaw: 31.948883
  pitch: 23.699953
money: '1070002'
ip-address: 186.105.57.228
last-account-name: MatiTheCreator
