timestamps:
  login: 1613195043948
  logout: 1613196056387
lastlocation:
  world: world
  x: 415.58634376613696
  y: 64.0
  z: -514.2977530767774
  yaw: 2.2499084
  pitch: 0.44995978
money: '1192202'
logoutlocation:
  world: world
  x: -46.30000001192093
  y: 77.0
  z: -63.552628205802364
  yaw: 305.69763
  pitch: -2.6999505
ip-address: 186.34.55.29
last-account-name: ElPixulaLoka
