timestamps:
  login: 1586277833416
  lastteleport: 1586278557534
  logout: 1586279028449
lastlocation:
  world: world
  x: 4824.085786356921
  y: 63.0
  z: 1927.5188805603393
  yaw: 191.69185
  pitch: 19.499847
logoutlocation:
  world: world
  x: 204.86727305477802
  y: 64.0
  z: -525.2014791009741
  yaw: -63.14862
  pitch: 9.90022
money: '1213203'
ip-address: 190.215.6.68
last-account-name: chrollo
