timestamps:
  login: 1596380211782
  lastteleport: 1594988584837
  logout: 1596380216799
lastlocation:
  world: world
  x: 415.4933858702911
  y: 66.0
  z: -503.7284931848992
  yaw: -185.2395
  pitch: 22.801132
money: '1213275.0259999999999966'
logoutlocation:
  world: world
  x: 637.1962665160006
  y: 73.0
  z: -688.1186444673021
  yaw: -26.687027
  pitch: 75.26743
ip-address: 95.21.253.106
last-account-name: alvaman
