timestamps:
  login: 1600649062458
  lastteleport: 1600651486377
  logout: 1600651645698
lastlocation:
  world: world
  x: 2543.754966330547
  y: 79.0
  z: 3894.8732469072497
  yaw: 19.29774
  pitch: 27.004631
logoutlocation:
  world: world
  x: 5.9949777296476485
  y: 81.0
  z: 103.460127545269
  yaw: 295.74933
  pitch: 37.94309
money: '1212203.0'
ip-address: 179.8.72.138
last-account-name: YoonGiiiMiau
