timestamps:
  login: 1614375152527
  logout: 1614376947644
lastlocation:
  world: world
  x: 415.58634376613696
  y: 64.0
  z: -514.2977530767774
  yaw: 2.2499084
  pitch: 0.44995978
money: '1107202'
logoutlocation:
  world: world
  x: 1307.1098829514006
  y: 77.7125
  z: 1972.5
  yaw: -269.5502
  pitch: 5.700038
ip-address: 186.156.109.121
last-account-name: jaleai
