timestamps:
  login: 1619999930119
  logout: 1620000007178
lastlocation:
  world: world
  x: 415.58634376613696
  y: 64.0
  z: -514.2977530767774
  yaw: 2.2499084
  pitch: 0.44995978
logoutlocation:
  world: world
  x: 439.4595035076231
  y: 77.0
  z: -454.86043524318893
  yaw: -60.82613
  pitch: -2.9311967
money: '970002'
ip-address: 187.188.168.22
last-account-name: gusdrog45
