timestamps:
  login: 1620782370145
  logout: 1620789919694
lastlocation:
  world: world
  x: 894.7173831055487
  y: 65.0
  z: -1757.9715868730743
  yaw: -52.20092
  pitch: 26.10006
logoutlocation:
  world: world
  x: 2588.300000011921
  y: 64.0
  z: -1155.300000011921
  yaw: 102.59981
  pitch: -29.550104
money: '1562302'
ip-address: 200.124.62.68
last-account-name: lpial
