timestamps:
  login: 1595744050488
  logout: 1595745174880
lastlocation:
  world: world
  x: 415.58634376613696
  y: 64.0
  z: -514.2977530767774
  yaw: 2.2499084
  pitch: 0.44995978
logoutlocation:
  world: world
  x: 108.6693391258351
  y: 64.0
  z: 3886.6163256056047
  yaw: 199.94855
  pitch: 24.750008
money: '1213202'
ip-address: 152.173.38.20
last-account-name: Panx0o
