timestamps:
  login: 1619240009335
  logout: 1619240827302
lastlocation:
  world: world
  x: 415.58634376613696
  y: 64.0
  z: -514.2977530767774
  yaw: 2.2499084
  pitch: 0.44995978
logoutlocation:
  world: world
  x: 415.24023199576294
  y: 65.5
  z: -505.01842864120545
  yaw: 9.149907
  pitch: -5.8500457
money: '971002.0'
ip-address: 191.119.157.92
last-account-name: ppl
