timestamps:
  login: 1620443334946
  logout: 1620446932360
  lastteleport: 1620446347470
lastlocation:
  world: world
  x: -75.30000001192093
  y: 65.0
  z: -1947.287112848046
  yaw: 268.79968
  pitch: 10.950016
money: '1616092.750'
logoutlocation:
  world: world
  x: -62.047103944229946
  y: 71.0
  z: -1931.826336122374
  yaw: 147.14206
  pitch: 14.850012
ip-address: 190.47.126.174
last-account-name: cacot
