timestamps:
  login: 1623775705495
  logout: 1623776426088
  lastteleport: 1623558492218
lastlocation:
  world: world
  x: 3050.8224500729316
  y: 70.0
  z: 894.155073831746
  yaw: -191.70055
  pitch: 19.95013
money: '268478.18200000000002905'
logoutlocation:
  world: world
  x: 3064.5977839310467
  y: 70.0
  z: 893.4486678851156
  yaw: 285.8158
  pitch: 17.700008
homes:
  home:
    world: world
    x: 449.91308053276157
    y: 66.0
    z: -1125.6390556862355
    yaw: -316.36758
    pitch: 37.199993
ip-address: 186.156.103.200
last-account-name: vish0
