timestamps:
  login: 1631754980128
  logout: 1631755005155
lastlocation:
  world: world
  x: 415.58634376613696
  y: 64.0
  z: -514.2977530767774
  yaw: 2.2499084
  pitch: 0.44995978
logoutlocation:
  world: world
  x: 415.5
  y: 64.0
  z: -514.5
  yaw: 2.2499084
  pitch: 0.44995978
money: '25000'
ip-address: 181.203.90.154
last-account-name: Leyrrah
