timestamps:
  login: 1627573473565
  logout: 1627573484012
lastlocation:
  world: world
  x: 415.58634376613696
  y: 64.0
  z: -514.2977530767774
  yaw: 2.2499084
  pitch: 0.44995978
logoutlocation:
  world: world
  x: 415.5
  y: 64.0
  z: -514.5
  yaw: 2.361451
  pitch: 0.8589499
money: '175000'
ip-address: 190.47.38.101
last-account-name: Martiniiix
