lastAccountName: WeonMaximo
timestamps:
  login: 1643148872120
  lastteleport: 1643148951509
  logout: 1643150305424
ipAddress: 201.241.56.246
lastlocation:
  world: world
  x: 415.14944442617224
  y: 66.5
  z: -502.5345288443817
  yaw: -0.6000865
  pitch: 14.8499565
logoutlocation:
  world: world
  x: 382.38943370789514
  y: 77.0
  z: -441.37119012643797
  yaw: 242.39964
  pitch: 35.099964
