timestamps:
  login: 1586811305069
  logout: 1586811394424
lastlocation:
  world: world
  x: 415.5
  y: 64.0
  z: -514.5
  yaw: 0.0
  pitch: 0.0
logoutlocation:
  world: world
  x: -645.9688621656296
  y: 93.0
  z: -993.8983431684978
  yaw: 167.25
  pitch: 24.149988
money: '1213203'
ip-address: 181.42.29.33
last-account-name: Bastiansito
