timestamps:
  login: 1591241549224
  logout: 1591241681478
lastlocation:
  world: world
  x: 415.58634376613696
  y: 64.0
  z: -514.2977530767774
  yaw: 2.2499084
  pitch: 0.44995978
logoutlocation:
  world: world
  x: 849.9175892516995
  y: 72.0
  z: 893.4227132641477
  yaw: -174.2945
  pitch: 16.650019
money: '1213203'
ip-address: 201.215.94.148
last-account-name: Hector_dlc
