timestamps:
  login: 1627182668496
  logout: 1627183228146
  lastteleport: 1627182841094
lastlocation:
  world: world
  x: -1338.6064386667933
  y: 118.43067489671404
  z: -1895.7822706134323
  yaw: 209.4009
  pitch: -0.90002006
logoutlocation:
  world: world
  x: 1037.1861517055854
  y: 55.0
  z: 2348.8716737644468
  yaw: -202.03044
  pitch: 17.644142
money: '175000'
ip-address: 190.45.198.137
last-account-name: BinskySpecial
