lastAccountName: FraccoonP
timestamps:
  login: 1644721157512
  lastteleport: 1644718054637
  logout: 1644727860181
ipAddress: 152.174.83.99
lastlocation:
  world: world
  x: 427.2702106309386
  y: 77.0
  z: -460.644038976407
  yaw: -16.502686
  pitch: 13.350027
logoutlocation:
  world: world
  x: 267.40482989088264
  y: 64.0
  z: -914.3768481045071
  yaw: -226.50208
  pitch: 17.699844
