timestamps:
  login: 1629406621273
  lastteleport: 1629405968206
  logout: 1629406769777
lastlocation:
  world: world
  x: 386.6758918186824
  y: 77.0
  z: -443.00938115544943
  yaw: 263.81158
  pitch: 15.624077
money: '25470.0'
logoutlocation:
  world: world
  x: -2951.699999988079
  y: 7.0
  z: -4562.553110693288
  yaw: -287.09872
  pitch: 31.05008
ip-address: 186.21.197.15
last-account-name: larrygamerxxx
