timestamps:
  login: 1611673550253
  logout: 1611673621725
lastlocation:
  world: world
  x: 415.58634376613696
  y: 64.0
  z: -514.2977530767774
  yaw: 2.2499084
  pitch: 0.44995978
logoutlocation:
  world: world
  x: 356.2336770804445
  y: 64.0
  z: -286.75275689909654
  yaw: 67.64985
  pitch: 25.800097
money: '1169202'
ip-address: 190.102.239.151
last-account-name: DonLinito
