timestamps:
  login: 1601859296158
  logout: 1601859865115
lastlocation:
  world: world
  x: 415.58634376613696
  y: 64.0
  z: -514.2977530767774
  yaw: 2.2499084
  pitch: 0.44995978
logoutlocation:
  world: world
  x: -4470.120460828721
  y: 74.0
  z: 2770.5925032187565
  yaw: -191.56166
  pitch: 44.250526
money: '1212202'
ip-address: 190.101.253.2
last-account-name: cony
