timestamps:
  login: 1619069139087
  logout: 1619069280074
lastlocation:
  world: world
  x: 415.58634376613696
  y: 64.0
  z: -514.2977530767774
  yaw: 2.2499084
  pitch: 0.44995978
logoutlocation:
  world: world
  x: 405.7069638806582
  y: 70.0
  z: -243.35900890158638
  yaw: -330.30145
  pitch: 18.000038
money: '970002'
ip-address: 143.255.107.204
last-account-name: roxas
