timestamps:
  login: 1590792010091
  logout: 1590795498407
lastlocation:
  world: world
  x: 415.58634376613696
  y: 64.0
  z: -514.2977530767774
  yaw: 2.2499084
  pitch: 0.44995978
logoutlocation:
  world: world
  x: -4793.214915994075
  y: 63.0
  z: 845.0794609895157
  yaw: 17.300365
  pitch: 5.7677813
money: '1213203'
ip-address: 181.43.83.233
last-account-name: ShaguitoV
