timestamps:
  login: 1610760264169
  logout: 1610761675414
lastlocation:
  world: world
  x: 415.58634376613696
  y: 64.0
  z: -514.2977530767774
  yaw: 2.2499084
  pitch: 0.44995978
money: '1172202'
logoutlocation:
  world: world
  x: 436.9889979707326
  y: 81.0
  z: -427.824829976515
  yaw: -13.640625
  pitch: 66.62263
ip-address: 190.45.85.249
last-account-name: ACAB_Mata_Paco
