timestamps:
  login: 1614375153347
  lastteleport: 1614375313726
  logout: 1614376872654
lastlocation:
  world: world
  x: 1201.6257002298325
  y: 70.0
  z: 1709.5889494382009
  yaw: -339.40128
  pitch: 16.199812
money: '1302302'
logoutlocation:
  world: world
  x: 1306.0119410153081
  y: 78.0
  z: 1972.5386280692794
  yaw: -281.60757
  pitch: 9.150095
ip-address: 152.173.33.120
last-account-name: Alphanext
