timestamps:
  login: 1595560256338
  logout: 1595560338947
  lastteleport: 1595134836282
lastlocation:
  world: world
  x: 395.4346386411615
  y: 77.0
  z: -446.3392141147837
  yaw: -105.450584
  pitch: 27.299944
logoutlocation:
  world: world
  x: 405.58222276662497
  y: 64.0
  z: -519.5124999880791
  yaw: -11.699925
  pitch: 22.649982
money: '1213203'
ip-address: 190.163.103.92
last-account-name: GenMaShiranui
