timestamps:
  login: 1640149129573
  logout: 1640149707809
lastlocation:
  world: world
  x: 415.58634376613696
  y: 64.0
  z: -514.2977530767774
  yaw: 2.2499084
  pitch: 0.44995978
logoutlocation:
  world: world
  x: 424.3229417478761
  y: 77.0
  z: -460.9116876561978
  yaw: 157.04987
  pitch: 1.2002102
ip-address: 186.78.94.237
last-account-name: vish00o
