timestamps:
  login: 1603913032622
  logout: 1603913032643
logoutlocation:
  world: world
  x: 415.58634376613696
  y: 64.0
  z: -514.2977530767774
  yaw: 3.052149
  pitch: 0.44995978
money: '1212202'
ip-address: 70.114.61.10
last-account-name: xcMzbkFmtj3ZlOR_
