timestamps:
  login: 1636080077624
  lastteleport: 1636080962685
  logout: 1636082234322
lastlocation:
  world: world
  x: 524.1952050020869
  y: 67.0
  z: -124.94297566623922
  yaw: -86.880554
  pitch: 63.90007
money: '9815.750'
logoutlocation:
  world: world
  x: 435.44808509815505
  y: 76.0
  z: 515.0246596914518
  yaw: 209.30463
  pitch: 26.699558
ip-address: 190.46.45.134
last-account-name: juanpyyyy
