timestamps:
  login: 1622946447206
  logout: 1622949298443
lastlocation:
  world: world
  x: 415.58634376613696
  y: 64.0
  z: -514.2977530767774
  yaw: 2.2499084
  pitch: 0.44995978
logoutlocation:
  world: world
  x: 258.0456947585736
  y: 75.0
  z: 1332.7847674776626
  yaw: -199.79428
  pitch: 14.703391
money: '970002'
ip-address: 201.189.141.136
last-account-name: CookieMacree
