timestamps:
  login: 1620750209845
  logout: 1620750312532
lastlocation:
  world: world
  x: 415.58634376613696
  y: 64.0
  z: -514.2977530767774
  yaw: 2.2499084
  pitch: 0.44995978
logoutlocation:
  world: world
  x: 419.4603970130074
  y: 64.0
  z: -513.5164326087653
  yaw: -111.63004
  pitch: 6.3083954
money: '970001'
ip-address: 186.104.188.241
last-account-name: zpalo_cmlol
