timestamps:
  login: 1612666583295
  logout: 1612667080850
lastlocation:
  world: world
  x: 415.58634376613696
  y: 64.0
  z: -514.2977530767774
  yaw: 2.2499084
  pitch: 0.44995978
money: '1203202'
logoutlocation:
  world: world
  x: 416.0902064735052
  y: 70.0
  z: -495.56186485647277
  yaw: -5.5503054
  pitch: 27.299946
ip-address: 181.42.10.153
last-account-name: solsita
