timestamps:
  login: 1636866572458
  logout: 1636867446392
lastlocation:
  world: world
  x: 415.58634376613696
  y: 64.0
  z: -514.2977530767774
  yaw: 2.2499084
  pitch: 0.44995978
money: '-4000'
logoutlocation:
  world: world
  x: 356.44608265902673
  y: 72.0
  z: -367.4464330246048
  yaw: -100.50403
  pitch: 14.999986
ip-address: 190.20.109.247
last-account-name: peque_salvo
