timestamps:
  login: 1603923799128
  logout: 1603923799144
logoutlocation:
  world: world
  x: 415.58634376613696
  y: 64.0
  z: -514.2977530767774
  yaw: 5.905395
  pitch: 0.44995978
money: '1212202'
ip-address: 114.133.160.3
last-account-name: _bkctFGd2uUBOKDz
