timestamps:
  login: 1629402546808
  lastteleport: 1629405390935
  logout: 1629406501585
lastlocation:
  world: world
  x: -3001.4201717160213
  y: 68.0
  z: -4524.699999988079
  yaw: -194.79225
  pitch: 27.065945
money: '26835.0'
logoutlocation:
  world: world
  x: -3000.405010362381
  y: 68.0
  z: -4526.054797269624
  yaw: -95.6999
  pitch: 17.70008
ip-address: 190.162.143.150
last-account-name: vichido
