timestamps:
  login: 1632795749158
  lastteleport: 1632796628055
  logout: 1632797001549
lastlocation:
  world: world_the_end
  x: 9.699999988079071
  y: 68.0
  z: 42.30000001192093
  yaw: -151.15099
  pitch: 67.81489
logoutlocation:
  world: world
  x: 415.230685541723
  y: 64.5
  z: -507.0062817827459
  yaw: 4.0535784
  pitch: 2.614364
money: '25000'
ip-address: 170.82.190.234
last-account-name: Mr_ZareX
