timestamps:
  login: 1594944895007
  logout: 1594945004064
  lastteleport: 1594944995432
lastlocation:
  world: world
  x: -2942.769401717771
  y: 68.0
  z: -4576.344741777561
  yaw: -22.628954
  pitch: 20.249973
logoutlocation:
  world: world
  x: -3001.572308756288
  y: 68.0625
  z: -4527.886089023458
  yaw: 1.199902
  pitch: 9.000046
money: '1213203'
ip-address: 190.100.32.37
last-account-name: ElekisDe
