lastAccountName: whiteleague29
timestamps:
  login: 1644610883102
  logout: 1644610952886
ipAddress: 190.101.121.144
lastlocation:
  world: world
  x: 415.58634376613696
  y: 64.0
  z: -514.2977530767774
  yaw: 2.2499084
  pitch: 0.44995978
logoutlocation:
  world: world
  x: 404.746109069944
  y: 80.0
  z: -368.2383913238663
  yaw: 31.949858
  pitch: 7.1999493
