timestamps:
  login: 1631331319709
  logout: 1631332600231
lastlocation:
  world: world
  x: 415.58634376613696
  y: 64.0
  z: -514.2977530767774
  yaw: 2.2499084
  pitch: 0.44995978
money: '25900.0'
logoutlocation:
  world: world
  x: 501.8884768081948
  y: 64.0
  z: -274.31874867815566
  yaw: -266.99762
  pitch: 0.14998731
ip-address: 201.239.186.75
last-account-name: matiaas
