timestamps:
  login: 1622238123851
  lastteleport: 1622237279650
  logout: 1622239016054
lastlocation:
  world: world
  x: 416.05397224300435
  y: 64.0
  z: -515.6999999880791
  yaw: 7.199916
  pitch: 29.999908
logoutlocation:
  world: world
  x: 4146.068516874347
  y: 68.0
  z: 42.41621726243771
  yaw: 238.42264
  pitch: 27.749712
money: '831002.0'
ip-address: 186.20.32.243
last-account-name: KokeMPV
