timestamps:
  login: 1613931700284
  logout: 1613931725302
lastlocation:
  world: world
  x: 415.58634376613696
  y: 64.0
  z: -514.2977530767774
  yaw: 2.2499084
  pitch: 0.44995978
logoutlocation:
  world: world
  x: 415.71231207440087
  y: 63.5
  z: -508.9127191021188
  yaw: -185.55011
  pitch: 10.349941
money: '1112202'
ip-address: 190.52.204.222
last-account-name: emilio
