timestamps:
  login: 1639178787420
  lastteleport: 1639177504816
  logout: 1639179867053
lastlocation:
  world: world
  x: -1276.539482317384
  y: 68.0
  z: -1346.3608766750333
  yaw: -102.066475
  pitch: 30.739859
money: '13407.875'
logoutlocation:
  world: world_nether
  x: 92.79503310712099
  y: 33.0
  z: 23.295715109565705
  yaw: 133.53369
  pitch: 33.039936
ip-address: 186.78.69.162
last-account-name: zadberz
