timestamps:
  login: 1592715239770
  logout: 1592719568159
lastlocation:
  world: world
  x: 421.3292105489789
  y: 58.238390680663805
  z: -501.30000001192093
  yaw: 344.0999
  pitch: 7.4999404
logoutlocation:
  world: world
  x: -4375.046796550329
  y: 55.5625
  z: -3494.6989256124084
  yaw: 150.3525
  pitch: 28.500792
money: '1213203'
ip-address: 201.239.88.63
last-account-name: Blackiller0401
