timestamps:
  login: 1630113573869
  logout: 1630119754100
lastlocation:
  world: world
  x: 415.58634376613696
  y: 64.0
  z: -514.2977530767774
  yaw: 2.2499084
  pitch: 0.44995978
money: '1125700.0'
logoutlocation:
  world: world
  x: -4368.859711972883
  y: 68.0
  z: 2646.559022670083
  yaw: 126.49707
  pitch: 16.799885
ip-address: 186.106.223.211
last-account-name: valkyraeee
