timestamps:
  login: 1597975632730
  logout: 1597975657764
lastlocation:
  world: world
  x: 415.58634376613696
  y: 64.0
  z: -514.2977530767774
  yaw: 2.2499084
  pitch: 0.44995978
logoutlocation:
  world: world
  x: 415.128960547081
  y: 68.0
  z: -499.0191791089284
  yaw: 346.65036
  pitch: 22.349968
money: '1212202'
ip-address: 201.219.236.109
last-account-name: moac_
