timestamps:
  login: 1612196746544
  logout: 1612196778877
lastlocation:
  world: world
  x: 415.58634376613696
  y: 64.0
  z: -514.2977530767774
  yaw: 2.2499084
  pitch: 0.44995978
logoutlocation:
  world: world
  x: 415.7641322751213
  y: 77.0
  z: -456.73640104992734
  yaw: 86.5106
  pitch: 5.565647
money: '1169202'
ip-address: 143.255.105.44
last-account-name: Catita
