timestamps:
  login: 1609480103156
  logout: 1609484201750
lastlocation:
  world: world
  x: 415.58634376613696
  y: 64.0
  z: -514.2977530767774
  yaw: 2.2499084
  pitch: 0.44995978
money: '1180202'
logoutlocation:
  world: world
  x: -541271.7477537785
  y: 63.5
  z: -540385.5678406362
  yaw: -271.50293
  pitch: 43.05038
ip-address: 45.232.32.151
last-account-name: Megune
