timestamps:
  login: 1588211708678
  logout: 1588213276207
lastlocation:
  world: world
  x: 415.58634376613696
  y: 64.0
  z: -514.2977530767774
  yaw: 2.2499084
  pitch: 0.44995978
logoutlocation:
  world: world
  x: 415.58634376613696
  y: 64.0
  z: -514.2977530767774
  yaw: 75.82928
  pitch: -24.960917
money: '1213203'
ip-address: 200.104.193.235
last-account-name: Nariz
