timestamps:
  login: 1624408824420
  lastteleport: 1602821010839
  logout: 1624408867610
lastlocation:
  world: world
  x: 416.09763850714614
  y: 63.0
  z: -511.01574505765393
  yaw: -10.015967
  pitch: 16.305473
money: '1518996.87600000000001900'
logoutlocation:
  world: world
  x: 2572.9819448358444
  y: 68.0
  z: -1167.3650726637557
  yaw: 128.07623
  pitch: 13.194772
ip-address: 190.21.56.162
last-account-name: xZiiches
