timestamps:
  login: 1617811485040
  logout: 1617811651397
lastlocation:
  world: world
  x: 415.58634376613696
  y: 64.0
  z: -514.2977530767774
  yaw: 2.2499084
  pitch: 0.44995978
logoutlocation:
  world: world
  x: -1326.4130864740328
  y: 103.0
  z: 531.4178671140264
  yaw: 262.03198
  pitch: 28.876804
money: '1102102'
ip-address: 201.223.102.249
last-account-name: Charliegamer2020
