timestamps:
  login: 1586211016524
  logout: 1586211782031
lastlocation:
  world: world
  x: 415.5
  y: 64.0
  z: -514.5
  yaw: 0.0
  pitch: 0.0
logoutlocation:
  world: world
  x: 4403.842965289752
  y: 66.0
  z: 4348.783086053163
  yaw: 325.7119
  pitch: -63.494873
money: '1213203'
ip-address: 200.83.26.232
last-account-name: Kroder
