timestamps:
  login: 1587870456724
  logout: 1587870510279
lastlocation:
  world: world
  x: 415.5
  y: 64.0
  z: -514.5
  yaw: 0.0
  pitch: 0.0
logoutlocation:
  world: world
  x: 415.7235124508046
  y: 64.0
  z: -512.917021823701
  yaw: -151.79883
  pitch: 30.899965
money: '1213203'
ip-address: 190.101.103.114
last-account-name: Sonic_Black
