timestamps:
  login: 1595744274932
  logout: 1595745187267
lastlocation:
  world: world
  x: 415.58634376613696
  y: 64.0
  z: -514.2977530767774
  yaw: 2.2499084
  pitch: 0.44995978
logoutlocation:
  world: world
  x: 1328.4561206737717
  y: 68.0
  z: -1927.3575229227595
  yaw: 96.52476
  pitch: 14.250498
money: '1213202'
ip-address: 201.239.127.10
last-account-name: SOMOHPRUSIANOH
