timestamps:
  login: 1622959565794
  lastteleport: 1622961587722
  logout: 1622964327764
lastlocation:
  world: world
  x: 293.06803160656057
  y: 64.0
  z: -491.40214782448317
  yaw: 7.6518555
  pitch: 26.400047
money: '725600.0'
logoutlocation:
  world: world
  x: 472.88738713118164
  y: 51.0
  z: -269.4314083759766
  yaw: -352.63483
  pitch: -11.8505745
ip-address: 190.161.10.250
last-account-name: visho00
