timestamps:
  login: 1587948023770
  logout: 1587948784946
lastlocation:
  world: world
  x: 415.58634376613696
  y: 64.0
  z: -514.2977530767774
  yaw: 2.2499084
  pitch: 0.44995978
logoutlocation:
  world: world
  x: -258.97929900792235
  y: 72.0
  z: 2422.699999988079
  yaw: 9.302285
  pitch: 19.499937
money: '1213203'
ip-address: 190.164.4.88
last-account-name: vania_py
