timestamps:
  login: 1609476067349
  logout: 1609476506341
lastlocation:
  world: world
  x: 415.58634376613696
  y: 64.0
  z: -514.2977530767774
  yaw: 2.2499084
  pitch: 0.44995978
logoutlocation:
  world: world
  x: 421.83358269997564
  y: 77.0
  z: -464.3048307244775
  yaw: -22.334652
  pitch: 12.516003
money: '1170202'
ip-address: 186.26.118.239
last-account-name: AetherRingo
