timestamps:
  login: 1620441898684
  logout: 1620446954229
lastlocation:
  world: world
  x: -70.92338826670685
  y: 11.0
  z: -1916.4639673598738
  yaw: -94.07413
  pitch: 21.449697
money: '1570102'
logoutlocation:
  world: world
  x: -58.97323866490567
  y: 71.0
  z: -1932.500155523438
  yaw: 147.29721
  pitch: 29.849379
ip-address: 190.160.49.45
last-account-name: Eldesgraciao
