timestamps:
  login: 1636900724451
  logout: 1636901357242
lastlocation:
  world: world
  x: 415.58634376613696
  y: 64.0
  z: -514.2977530767774
  yaw: 2.2499084
  pitch: 0.44995978
money: '5000'
logoutlocation:
  world: world
  x: 357.8970498974253
  y: 62.0
  z: -561.3441639776005
  yaw: 65.849
  pitch: 23.10011
ip-address: 45.232.95.39
last-account-name: aweonaoelqueleea
