timestamps:
  login: 1629221402732
  logout: 1629222525135
lastlocation:
  world: world
  x: 415.58634376613696
  y: 64.0
  z: -514.2977530767774
  yaw: 2.2499084
  pitch: 0.44995978
logoutlocation:
  world: world
  x: -2811.0601563174537
  y: 63.0
  z: -4540.901413396729
  yaw: 180.76196
  pitch: 15.383482
money: '25000'
ip-address: 190.113.214.79
last-account-name: jared05
