timestamps:
  login: 1633829969616
  logout: 1633832948060
  lastteleport: 1629528687067
lastlocation:
  world: world
  x: 426.57277691838306
  y: 77.0
  z: -478.47592500004504
  yaw: 280.90967
  pitch: 23.672941
logoutlocation:
  world: world
  x: 95.5834759684742
  y: 68.0
  z: -1580.579033740685
  yaw: -155.61676
  pitch: 27.615772
money: '-34000'
ip-address: 191.112.66.132
last-account-name: gorge373
