timestamps:
  login: 1636866738232
  logout: 1636867239590
lastlocation:
  world: world
  x: 415.58634376613696
  y: 64.0
  z: -514.2977530767774
  yaw: 2.2499084
  pitch: 0.44995978
logoutlocation:
  world: world
  x: 392.07499998807907
  y: 82.0
  z: -463.2570083199003
  yaw: -186.44983
  pitch: 43.949825
money: '1000'
ip-address: 45.232.34.245
last-account-name: Cartawe
