timestamps:
  login: 1621306182438
  logout: 1621308426526
lastlocation:
  world: world
  x: 415.58634376613696
  y: 64.0
  z: -514.2977530767774
  yaw: 2.2499084
  pitch: 0.44995978
money: '931901'
logoutlocation:
  world: world
  x: 389.03917612274927
  y: 77.0
  z: -361.8868012598183
  yaw: 34.649883
  pitch: 16.95001
ip-address: 190.21.192.142
last-account-name: Phito
