timestamps:
  login: 1619979636990
  logout: 1619980070097
  lastteleport: 1619979791471
lastlocation:
  world: world
  x: -315.9839306662665
  y: 72.0
  z: 6.386139371817844
  yaw: -0.70651174
  pitch: 18.154072
logoutlocation:
  world: world
  x: 300.7777222053452
  y: 65.0
  z: -499.01463795358757
  yaw: -182.41882
  pitch: 12.332054
money: '1169202'
ip-address: 190.114.58.26
last-account-name: EcRoSe_
