timestamps:
  login: 1606537426231
  lastteleport: 1605223986392
  logout: 1606537512539
lastlocation:
  world: world
  x: 425.98969666271756
  y: 77.0
  z: -487.5632784290137
  yaw: -345.00116
  pitch: 38.700005
money: '1212102.6'
logoutlocation:
  world: world
  x: 396.6375209860037
  y: 77.0
  z: -447.6714567339574
  yaw: 228.00314
  pitch: 11.999813
ip-address: 191.126.129.99
last-account-name: alex77450
