timestamps:
  login: 1597894778362
  logout: 1597895085407
lastlocation:
  world: world
  x: 415.58634376613696
  y: 64.0
  z: -514.2977530767774
  yaw: 2.2499084
  pitch: 0.44995978
logoutlocation:
  world: world
  x: 416.4700182538665
  y: 64.5
  z: -506.5295242351625
  yaw: -219.45012
  pitch: 42.59995
money: '1212202'
ip-address: 190.102.239.18
last-account-name: whxnil
