timestamps:
  login: 1619634278036
  logout: 1619634424337
lastlocation:
  world: world
  x: 415.58634376613696
  y: 64.0
  z: -514.2977530767774
  yaw: 2.2499084
  pitch: 0.44995978
logoutlocation:
  world: world
  x: -88.65256336644815
  y: 71.0
  z: -1415.8843015414263
  yaw: -14.40014
  pitch: 19.199892
money: '970002'
ip-address: 45.178.132.20
last-account-name: Dreamxist
