timestamps:
  login: 1606347931249
  logout: 1606348007162
lastlocation:
  world: world
  x: 415.58634376613696
  y: 64.0
  z: -514.2977530767774
  yaw: 2.2499084
  pitch: 0.44995978
logoutlocation:
  world: world
  x: 420.88338654537876
  y: 64.0
  z: -514.6084645388669
  yaw: 269.84933
  pitch: 34.649952
money: '1210202'
ip-address: 181.43.29.80
last-account-name: Choro_Carloncho
