timestamps:
  login: 1603246052218
  logout: 1603246692860
lastlocation:
  world: world
  x: 415.58634376613696
  y: 64.0
  z: -514.2977530767774
  yaw: 2.2499084
  pitch: 0.44995978
logoutlocation:
  world: world
  x: 330.69999998807907
  y: 66.0
  z: -483.2612579100136
  yaw: -96.150116
  pitch: 6.4499683
money: '1212202'
ip-address: 190.101.111.151
last-account-name: cedella
