timestamps:
  login: 1618293445968
  logout: 1618293461242
lastlocation:
  world: world
  x: 415.58634376613696
  y: 64.0
  z: -514.2977530767774
  yaw: 2.2499084
  pitch: 0.44995978
logoutlocation:
  world: world
  x: 415.5
  y: 64.0
  z: -514.5
  yaw: 2.2499084
  pitch: 0.44995978
money: '1070002'
ip-address: 201.214.219.115
last-account-name: Kone
