timestamps:
  login: 1597894774634
  logout: 1597894893859
lastlocation:
  world: world
  x: 415.58634376613696
  y: 64.0
  z: -514.2977530767774
  yaw: 2.2499084
  pitch: 0.44995978
logoutlocation:
  world: world
  x: 547.6999999880791
  y: 64.0
  z: -296.89504202728205
  yaw: -138.66861
  pitch: 5.903103
money: '1212202'
ip-address: 181.42.49.218
last-account-name: Nachops
