timestamps:
  login: 1623971892624
  logout: 1623972093828
lastlocation:
  world: world
  x: 415.58634376613696
  y: 64.0
  z: -514.2977530767774
  yaw: 2.2499084
  pitch: 0.44995978
logoutlocation:
  world: world
  x: 419.61582134909173
  y: 63.0
  z: -510.4994819953414
  yaw: -69.27802
  pitch: -16.11694
money: '175000'
ip-address: 187.188.168.22
last-account-name: Gusdrog45_YT
