timestamps:
  login: 1638562174080
  lastteleport: 1638562284918
  logout: 1638562478699
lastlocation:
  world: world
  x: 418.0761466618365
  y: 64.0
  z: -514.571104198624
  yaw: 252.75023
  pitch: 27.749954
money: '104800.0'
logoutlocation:
  world: world
  x: 448.7241729443563
  y: 78.0
  z: 502.124328325321
  yaw: 357.73132
  pitch: 15.150065
ip-address: 181.73.48.85
last-account-name: killmine_kuro
