world: world
x: 46.49577536639186
y: 30.0
z: 0.48248957482649135
yaw: 270.00015
pitch: -2.100128
name: Info
lastowner: b319b04c-ede3-36b1-ac74-131f573b07a9
