world: world
x: 0.4877827862118233
y: 30.0
z: -45.46841290964948
yaw: 180.89961
pitch: -0.30001473
name: Survival
lastowner: b319b04c-ede3-36b1-ac74-131f573b07a9
