world: world
x: -45.466523884761884
y: 30.0
z: 0.4925219775808869
yaw: 90.29962
pitch: 0.45000002
name: Telejuegos
lastowner: b319b04c-ede3-36b1-ac74-131f573b07a9
