world: world
x: 0.4431291167295226
y: 30.0
z: 45.42101284970785
yaw: 0.2995569
pitch: -0.45000026
name: USM
lastowner: b319b04c-ede3-36b1-ac74-131f573b07a9
