world: 2e1ce19e-1f4f-4123-8c05-bbc1db660846
world-name: world
x: -11.454210521144804
y: 33.75448230191815
z: 8.233195395798827
yaw: 21.078407287597656
pitch: 2.5833842754364014
name: Porton
lastowner: b319b04c-ede3-36b1-ac74-131f573b07a9
