world: 2e1ce19e-1f4f-4123-8c05-bbc1db660846
world-name: world
x: -237.77444480476848
y: 31.190496132029576
z: 93.58862363566419
yaw: -151.76043701171875
pitch: 2.1828501224517822
name: Reciclaje
lastowner: b319b04c-ede3-36b1-ac74-131f573b07a9
