timestamps:
  login: 1610831528958
  logout: 1610831650535
lastlocation:
  world: world
  x: 0.5
  y: 33.0
  z: 0.5
  yaw: 270.0
  pitch: 0.0
logoutlocation:
  world: world
  x: 0.6468205805334336
  y: 31.166109260938214
  z: -93.98923776657627
  yaw: 0.0
  pitch: 7.950151
ip-address: 190.114.48.37
last-account-name: BellCheloCranell
