timestamps:
  login: 1597541143602
  logout: 1597541159728
lastlocation:
  world: world
  x: 0.5
  y: 33.0
  z: 0.5
  yaw: 270.0
  pitch: 0.0
logoutlocation:
  world: world
  x: 0.9297528632384142
  y: 33.0
  z: 0.4861371884425083
  yaw: 27.899994
  pitch: 20.249979
ip-address: 190.236.239.157
last-account-name: PacManziTo
