lastlocation:
  world: world
  x: 0.6119782271183577
  y: 33.0
  z: 0.3328722509035553
  yaw: 104.70633
  pitch: 13.706244
timestamps:
  login: 1631555225435
  logout: 1631555246129
logoutlocation:
  world: world
  x: 1.789415567154519
  y: 33.0
  z: 0.44330464493504723
  yaw: 261.91406
  pitch: -4.2602673
ip-address: 190.114.41.138
last-account-name: CristoPsx
