timestamps:
  login: 1586810790387
  logout: 1586811485226
lastlocation:
  world: world
  x: -1.3825068631234698
  y: 33.0
  z: 2.0063581914893858
  yaw: -29.744873
  pitch: 48.18982
logoutlocation:
  world: world
  x: -41.82005052717703
  y: 30.0
  z: -1.4092856324401644
  yaw: -89.962555
  pitch: 13.086632
ip-address: 190.160.71.33
last-account-name: fruyele
