timestamps:
  login: 1591664462492
  logout: 1591664827844
  lastteleport: 1591664471866
lastlocation:
  world: world
  x: -1.69713633007568
  y: 33.0
  z: 0.03734409610777806
  yaw: 94.19993
  pitch: 9.899999
logoutlocation:
  world: world
  x: -69.85527093821261
  y: 30.0
  z: -0.07267900506955649
  yaw: -90.0
  pitch: 78.14995
ip-address: 190.101.247.206
last-account-name: SrNico
