timestamps:
  login: 1585961373586
  logout: 1585961389220
lastlocation:
  world: world
  x: 0.5
  y: 33.0
  z: 0.5
  yaw: 270.0
  pitch: 0.0
logoutlocation:
  world: world
  x: 4.1703795842631886
  y: 32.5
  z: 0.921473145302623
  yaw: 45.750183
  pitch: 1.2000005
ip-address: 201.239.45.230
last-account-name: uwu
