timestamps:
  login: 1592871044033
  lastteleport: 1592691603708
  logout: 1592871046484
lastlocation:
  world: world
  x: 12.709462504818829
  y: 31.0
  z: 0.41372628710377596
  yaw: 273.7499
  pitch: 12.449999
logoutlocation:
  world: world
  x: 0.5
  y: 33.0
  z: 0.5
  yaw: 274.34995
  pitch: 1.6499999
ip-address: 190.160.186.164
last-account-name: Eseck1
