timestamps:
  login: 1635530205547
  logout: 1635530210717
  lastteleport: 1629825859991
lastlocation:
  world: world
  x: 0.007117903274666271
  y: 30.0
  z: -44.55848043900036
  yaw: 143.28809
  pitch: -7.0103073
logoutlocation:
  world: world
  x: 0.5
  y: 33.0
  z: 0.5
  yaw: 257.90472
  pitch: -5.219118
ip-address: 45.232.92.99
last-account-name: michinoyaa
