timestamps:
  login: 1644627650116
  logout: 1644627710694
lastlocation:
  world: world
  x: -31.138273681314093
  y: 31.0
  z: 45.34823845881028
  yaw: -144.93134
  pitch: 2.8415747
logoutlocation:
  world: world_planos
  x: -325.4079737507331
  y: 79.7438595758716
  z: 706.5755621179395
  yaw: 86.24247
  pitch: 65.009674
ip-address: 191.115.63.224
last-account-name: Bubba1312
