timestamps:
  login: 1620440343141
  logout: 1620440363928
  lastteleport: 1619238471546
lastlocation:
  world: world
  x: -0.3000000119209272
  y: 32.0
  z: -5.318559333681731
  yaw: -91.05086
  pitch: 30.39991
logoutlocation:
  world: world
  x: -0.48525173778498665
  y: 30.79673560066869
  z: -93.91357641763027
  yaw: 0.0
  pitch: 23.75004
ip-address: 181.43.130.34
last-account-name: Matroxmatrix
