timestamps:
  login: 1613074992060
  logout: 1613075056305
lastlocation:
  world: world
  x: 0.5
  y: 33.0
  z: 0.5
  yaw: 270.0
  pitch: 0.0
logoutlocation:
  world: world
  x: 0.8663483400631377
  y: 30.0
  z: -35.92969869205696
  yaw: 180.90039
  pitch: 11.849991
ip-address: 190.46.155.136
last-account-name: Anjelshit
