timestamps:
  login: 1618504914830
  logout: 1618504940819
lastlocation:
  world: world
  x: 0.5
  y: 33.0
  z: 0.5
  yaw: 270.0
  pitch: 0.0
logoutlocation:
  world: world
  x: 7.5977916844865545
  y: 32.0
  z: 1.585882270690023
  yaw: 272.4
  pitch: 23.850002
ip-address: 201.214.72.31
last-account-name: MeD_ReyTheDog
