timestamps:
  login: 1626914540983
  logout: 1626914551376
lastlocation:
  world: world
  x: 0.5
  y: 33.0
  z: 0.5
  yaw: 270.0
  pitch: 0.0
logoutlocation:
  world: world
  x: 0.08060566689104677
  y: 33.0
  z: 0.31081119357499704
  yaw: 282.75922
  pitch: 14.510435
ip-address: 186.21.211.60
last-account-name: pialol
