timestamps:
  login: 1591039729943
  logout: 1591039866661
  lastteleport: 1591039770459
lastlocation:
  world: world
  x: 0.5
  y: 30.0
  z: 45.5
  yaw: 81.59969
  pitch: -39.299988
logoutlocation:
  world: world
  x: -64.11315177863126
  y: 30.0
  z: -8.928767780056441
  yaw: -218.25145
  pitch: 24.449959
ip-address: 170.150.156.87
last-account-name: azgo
