timestamps:
  login: 1626827360569
  logout: 1626827369803
  lastteleport: 1623609790978
lastlocation:
  world: world
  x: 0.34653169000035305
  y: 33.2531999805212
  z: -3.34285689143018
  yaw: 181.94855
  pitch: 14.700036
logoutlocation:
  world: world
  x: 1.4193506112287884
  y: 30.0
  z: -15.496909246674822
  yaw: 183.04715
  pitch: 8.929195
ip-address: 190.163.218.67
last-account-name: 01Trick
