timestamps:
  login: 1628633143272
  lastteleport: 1628633198892
  logout: 1628633208325
lastlocation:
  world: world
  x: 0.5942384177081346
  y: 32.5
  z: -3.400794584826957
  yaw: 180.30013
  pitch: 9.450005
logoutlocation:
  world: world
  x: 0.5777922764050256
  y: 30.0
  z: -93.95883507985988
  yaw: 0.0
  pitch: -1.46999955E-5
ip-address: 190.162.155.175
last-account-name: Xx_Elucidator_xX
