timestamps:
  login: 1619293034977
  lastteleport: 1619052663966
  logout: 1619293189121
lastlocation:
  world: world
  x: 78.24468875943035
  y: 30.0
  z: -2.772396032406518
  yaw: 22.793243
  pitch: -2.647188
logoutlocation:
  world: world
  x: 77.2650741931841
  y: 30.0
  z: 0.24548470935943775
  yaw: 24.51967
  pitch: -2.301903
ip-address: 152.173.223.116
last-account-name: 27kdilan_xd
