timestamps:
  login: 1627586119842
  lastteleport: 1619976846665
  logout: 1627586135715
lastlocation:
  world: world
  x: 5.264630501667707
  y: 32.5
  z: 0.48994622715633834
  yaw: 270.59988
  pitch: 30.600012
logoutlocation:
  world: world
  x: 0.632371735191633
  y: 30.0
  z: -32.18879281308567
  yaw: 357.9
  pitch: 13.950014
ip-address: 186.79.102.81
last-account-name: Joundrix
