timestamps:
  login: 1614551413071
  logout: 1614551451793
  lastteleport: 1597882928977
lastlocation:
  world: world
  x: 1.3836499520745473
  y: 32.5
  z: 3.761124647139006
  yaw: 158.99945
  pitch: 10.949991
logoutlocation:
  world: world
  x: 3.975737447485583
  y: 31.0
  z: 23.29652300032207
  yaw: 54.49997
  pitch: 16.750021
ip-address: 186.156.219.58
last-account-name: CheduGamer
