timestamps:
  login: 1592769872666
  logout: 1592769936642
lastlocation:
  world: world
  x: 0.5
  y: 33.0
  z: 0.5
  yaw: 270.0
  pitch: 0.0
logoutlocation:
  world: world
  x: 37.99415612962894
  y: 31.0
  z: 6.746386680093991
  yaw: 47.700287
  pitch: -1.8000035
ip-address: 142.117.248.120
last-account-name: olivier6673
