timestamps:
  login: 1625523570784
  lastteleport: 1625523586973
  logout: 1625523606628
lastlocation:
  world: world
  x: 4.626741278591677
  y: 32.5
  z: -0.41723562911809936
  yaw: 295.19995
  pitch: 17.84999
logoutlocation:
  world: world
  x: 34.525385066442496
  y: 30.0
  z: 0.3859797469738178
  yaw: 83.14993
  pitch: 4.7583494
ip-address: 190.114.61.212
last-account-name: crix12
