timestamps:
  login: 1635110650068
  logout: 1635110692813
  lastteleport: 1619738832177
lastlocation:
  world: world
  x: 0.5
  y: 33.0
  z: 0.5
  yaw: 277.65024
  pitch: 17.55
logoutlocation:
  world: world
  x: 67.27149124535822
  y: 30.0
  z: 5.199811312948186
  yaw: 179.70125
  pitch: -2.2500274
ip-address: 186.105.79.224
last-account-name: fernanda
