timestamps:
  login: 1633844003939
  logout: 1633844021778
  lastteleport: 1633844010805
lastlocation:
  world: world
  x: -4.194063303690802
  y: 32.5
  z: 0.16885891641775264
  yaw: 83.099915
  pitch: 18.299913
logoutlocation:
  world: world
  x: -49.773767718018895
  y: 30.0
  z: -0.10182948523034856
  yaw: -74.700455
  pitch: 8.699979
ip-address: 190.164.138.227
last-account-name: Edwardxd01
