timestamps:
  login: 1609217088939
  logout: 1609217209084
lastlocation:
  world: world
  x: 0.5
  y: 33.0
  z: 0.5
  yaw: 270.0
  pitch: 0.0
logoutlocation:
  world: world
  x: -70.06927371451353
  y: 30.0
  z: -0.0822129623530281
  yaw: 20.398773
  pitch: 45.6
ip-address: 69.94.129.252
last-account-name: kikyo123
