timestamps:
  login: 1626853435413
  logout: 1626853451097
lastlocation:
  world: world
  x: 0.5
  y: 33.0
  z: 0.5
  yaw: 270.0
  pitch: 0.0
logoutlocation:
  world: world
  x: -25.058169504084567
  y: 30.0
  z: 0.46883433572071287
  yaw: 69.700005
  pitch: 27.249998
ip-address: 190.101.109.204
last-account-name: Victoriaafop
