timestamps:
  login: 1594693551983
  logout: 1594693603028
lastlocation:
  world: world
  x: 0.5
  y: 33.0
  z: 0.5
  yaw: 270.0
  pitch: 0.0
logoutlocation:
  world: world
  x: 0.5
  y: 33.0
  z: 0.5
  yaw: 280.19995
  pitch: 13.350004
ip-address: 190.47.170.185
last-account-name: Potitotkm
