timestamps:
  login: 1625595903504
  logout: 1625595903990
  lastteleport: 1625069053773
lastlocation:
  world: world
  x: 0.7401500566360026
  y: 32.5
  z: -3.3155606313550936
  yaw: 161.5506
  pitch: 33.599968
logoutlocation:
  world: world
  x: 0.5
  y: 33.0
  z: 0.5
  yaw: 270.0
  pitch: 0.0
ip-address: 73.46.61.27
last-account-name: Goddiee
