timestamps:
  login: 1586559213090
  logout: 1586559234270
lastlocation:
  world: world
  x: 0.5
  y: 33.0
  z: 0.5
  yaw: 270.0
  pitch: 0.0
logoutlocation:
  world: world
  x: 0.5
  y: 33.0
  z: 0.5
  yaw: 58.77848
  pitch: 3.5127263
ip-address: 70.191.187.124
last-account-name: xXUabaev256Xx
