timestamps:
  login: 1585276174078
  logout: 1585276235248
lastlocation:
  world: world
  x: 0.5
  y: 33.0
  z: 0.5
  yaw: 270.0
  pitch: 0.0
logoutlocation:
  world: world
  x: 0.7221281068858152
  y: 30.0
  z: 28.34870897081351
  yaw: 359.55057
  pitch: 10.950009
ip-address: 190.47.204.244
last-account-name: SotoChikito
