timestamps:
  login: 1600287827523
  logout: 1600287836294
lastlocation:
  world: world
  x: 0.5
  y: 33.0
  z: 0.5
  yaw: 270.0
  pitch: 0.0
logoutlocation:
  world: world
  x: 0.9302314020015052
  y: 33.0
  z: 0.5
  yaw: 266.40012
  pitch: 7.9500017
ip-address: 151.49.105.248
last-account-name: _Traba_
