timestamps:
  login: 1588643848456
  logout: 1588643860322
lastlocation:
  world: world
  x: 0.5
  y: 33.0
  z: 0.5
  yaw: 270.0
  pitch: 0.0
logoutlocation:
  world: world
  x: 6.129788907251633
  y: 32.5
  z: 0.5503074128480911
  yaw: 269.8501
  pitch: 2.4
ip-address: 201.241.194.154
last-account-name: Melexor
