timestamps:
  login: 1633830203465
  logout: 1633830277426
  lastteleport: 1633830207408
lastlocation:
  world: world
  x: 0.36660539645052276
  y: 32.5
  z: -3.0499715381765053
  yaw: 187.34988
  pitch: 6.900006
logoutlocation:
  world: world
  x: -2.074050475849492
  y: 31.024424088213678
  z: -94.41466696843193
  yaw: 0.0
  pitch: 1.4999849
ip-address: 191.112.66.132
last-account-name: zappash1
