timestamps:
  login: 1618858215902
  logout: 1618858481542
lastlocation:
  world: world
  x: 0.5
  y: 33.0
  z: 0.5
  yaw: 270.0
  pitch: 0.0
logoutlocation:
  world: world
  x: 1.0492437511598771
  y: 30.0
  z: -93.7433445217159
  yaw: 0.0
  pitch: 9.975382
ip-address: 201.189.197.253
last-account-name: Deroy
