timestamps:
  login: 1612827719512
  logout: 1612827733531
lastlocation:
  world: world
  x: 0.5
  y: 33.0
  z: 0.5
  yaw: 270.0
  pitch: 0.0
logoutlocation:
  world: world
  x: -8.626256093216767
  y: 32.0
  z: 1.5068384080695094
  yaw: -90.24998
  pitch: 10.350011
ip-address: 190.114.42.15
last-account-name: ICATATEAMO
