timestamps:
  login: 1610834137590
  logout: 1610834223038
lastlocation:
  world: world
  x: 0.5
  y: 33.0
  z: 0.5
  yaw: 270.0
  pitch: 0.0
logoutlocation:
  world: world
  x: 3.9382201531420407
  y: 30.0
  z: -78.47091397300386
  yaw: 348.1501
  pitch: 13.499927
ip-address: 200.86.99.229
last-account-name: Fatmagul
