timestamps:
  login: 1609480106196
  logout: 1609480123665
lastlocation:
  world: world
  x: 0.5
  y: 33.0
  z: 0.5
  yaw: 270.0
  pitch: 0.0
logoutlocation:
  world: world
  x: 0.028620875542928664
  y: 30.0
  z: -18.0255407551581
  yaw: 286.84998
  pitch: 12.650001
ip-address: 181.51.34.37
last-account-name: Erulus
