timestamps:
  login: 1619068794165
  lastteleport: 1619069119949
  logout: 1619069136748
lastlocation:
  world: world
  x: 0.03917943276569291
  y: 32.0
  z: -7.627006521817118
  yaw: -13.671265
  pitch: -8.550597
logoutlocation:
  world: world
  x: -0.22239366164762758
  y: 30.0
  z: -93.79274717453829
  yaw: 0.0
  pitch: 11.250006
ip-address: 200.74.64.9
last-account-name: ELMOTOLANCHA
