timestamps:
  login: 1586682287499
  logout: 1586682332326
lastlocation:
  world: world
  x: 0.5
  y: 33.0
  z: 0.5
  yaw: 270.0
  pitch: 0.0
logoutlocation:
  world: world
  x: 0.5007610453908156
  y: 33.0
  z: 0.06977003405072837
  yaw: 270.15
  pitch: 9.15
ip-address: 190.47.130.50
last-account-name: SlowFlow
