timestamps:
  login: 1586513904695
  logout: 1586513921370
lastlocation:
  world: world
  x: 0.5
  y: 33.0
  z: 0.5
  yaw: 270.0
  pitch: 0.0
logoutlocation:
  world: world
  x: 0.9098571336370216
  y: 33.0
  z: 0.09164311291645394
  yaw: 82.58886
  pitch: -9.485995
ip-address: 115.64.8.69
last-account-name: Heipau28689LP
