timestamps:
  login: 1620756584440
  logout: 1620756592574
  lastteleport: 1620754452533
lastlocation:
  world: world
  x: -1.157043822642285
  y: 32.0
  z: -7.078470136656586
  yaw: 318.27524
  pitch: -4.429039
logoutlocation:
  world: world
  x: 0.5
  y: 33.0
  z: 0.5
  yaw: 273.18005
  pitch: -3.0600362
ip-address: 201.239.40.130
last-account-name: DybePvP
