timestamps:
  login: 1586561186448
  logout: 1586561209423
lastlocation:
  world: world
  x: 0.5
  y: 33.0
  z: 0.5
  yaw: 270.0
  pitch: 0.0
logoutlocation:
  world: world
  x: 0.9912667788595468
  y: 33.0
  z: 0.313745637215296
  yaw: 78.89794
  pitch: 12.912307
ip-address: 31.42.237.202
last-account-name: CornerPin
