timestamps:
  login: 1586213330348
  logout: 1586213359875
lastlocation:
  world: world
  x: 0.5
  y: 33.0
  z: 0.5
  yaw: 270.0
  pitch: 0.0
logoutlocation:
  world: world
  x: 0.35765328900561477
  y: 33.0
  z: 0.6135023053280226
  yaw: 250.35007
  pitch: 36.299965
ip-address: 201.189.120.54
last-account-name: lemmygummy
