timestamps:
  login: 1634513344075
  logout: 1634513376888
lastlocation:
  world: world
  x: 0.5
  y: 33.0
  z: 0.5
  yaw: 270.0
  pitch: 0.0
logoutlocation:
  world: world
  x: 1.3600482848833857
  y: 30.0
  z: -42.82739049384436
  yaw: -3.300004
  pitch: 2.7500024
ip-address: 190.101.109.204
last-account-name: notmrzp
