timestamps:
  login: 1613357126475
  logout: 1613357144083
lastlocation:
  world: world
  x: 0.5
  y: 33.0
  z: 0.5
  yaw: 270.0
  pitch: 0.0
logoutlocation:
  world: world
  x: 10.615061335024901
  y: 32.0
  z: 0.5564420694370393
  yaw: 272.64993
  pitch: 23.499977
ip-address: 186.156.21.60
last-account-name: Im_Bnj4
