timestamps:
  login: 1594065920155
  logout: 1594065927973
lastlocation:
  world: world
  x: 0.5
  y: 33.0
  z: 0.5
  yaw: 270.0
  pitch: 0.0
logoutlocation:
  world: world
  x: 0.5122979553935765
  y: 33.0
  z: 0.9020351579088193
  yaw: 226.50053
  pitch: 18.299978
ip-address: 37.228.146.17
last-account-name: Lhoumas
