timestamps:
  login: 1617200243636
  lastteleport: 1617200278344
  logout: 1617200334538
lastlocation:
  world: world
  x: 0.2953056524582863
  y: 32.5
  z: -4.133563234745611
  yaw: 185.7221
  pitch: 7.236067
logoutlocation:
  world: world
  x: 3.5039058267140177
  y: 30.0
  z: -77.41451578950961
  yaw: 190.40471
  pitch: 2.1937447
ip-address: 207.248.205.216
last-account-name: crix
