timestamps:
  login: 1589248782313
  logout: 1589248850826
lastlocation:
  world: world
  x: 0.5
  y: 33.0
  z: 0.5
  yaw: 270.0
  pitch: 0.0
logoutlocation:
  world: world
  x: -2.0031744594937297
  y: 30.0
  z: -93.92129874883443
  yaw: 0.0
  pitch: 11.549937
ip-address: 190.5.32.84
last-account-name: Ramyeonyon
