timestamps:
  login: 1589086093159
  logout: 1589086112712
  lastteleport: 1588218869759
lastlocation:
  world: world
  x: 0.5
  y: 30.0
  z: -45.5
  yaw: 249.14967
  pitch: 2.0999882
logoutlocation:
  world: world
  x: 0.5
  y: 33.0
  z: 0.5
  yaw: 268.50024
  pitch: 18.899996
afk: false
ip-address: 200.83.92.248
last-account-name: H4T3_Y0U
