timestamps:
  login: 1632877870337
  logout: 1632877905181
lastlocation:
  world: world
  x: 0.5
  y: 33.0
  z: 0.5
  yaw: 270.0
  pitch: 0.0
logoutlocation:
  world: world
  x: 0.5038737001405447
  y: 32.5
  z: -3.337751402949188
  yaw: 192.45009
  pitch: 25.050049
ip-address: 201.188.71.54
last-account-name: tomaten21
