timestamps:
  login: 1619297827679
  logout: 1619297850574
  lastteleport: 1617592389805
lastlocation:
  world: world
  x: -3.1115744586941076
  y: 32.5
  z: 0.7307438222801944
  yaw: 95.91089
  pitch: 7.1590166
logoutlocation:
  world: world
  x: 9.939087383125209
  y: 32.0
  z: 0.514950582101206
  yaw: 269.65475
  pitch: 16.934143
ip-address: 207.248.198.76
last-account-name: youngvack
