timestamps:
  login: 1629761618216
  logout: 1629761639834
  lastteleport: 1623210353726
lastlocation:
  world: world
  x: 4.90139815297072
  y: 32.5
  z: 0.7943197902235365
  yaw: 260.15024
  pitch: -2.049981
logoutlocation:
  world: world
  x: 5.2715751115313445
  y: 32.5
  z: -0.23161445249042453
  yaw: 265.5305
  pitch: 8.226799
ip-address: 190.101.227.115
last-account-name: benjidiho
