timestamps:
  login: 1586575261076
  logout: 1586575270326
lastlocation:
  world: world
  x: 0.5
  y: 33.0
  z: 0.5
  yaw: 270.0
  pitch: 0.0
logoutlocation:
  world: world
  x: 5.89375932931939
  y: 32.5
  z: -0.23141061578597563
  yaw: 278.55017
  pitch: 11.250002
ip-address: 190.47.130.50
last-account-name: SlowFloww
