timestamps:
  login: 1624300382940
  lastteleport: 1622679345798
  logout: 1624300386106
lastlocation:
  world: world
  x: 1.1111834551495692
  y: 32.5
  z: -4.488158295280405
  yaw: 162.15057
  pitch: 0.75
logoutlocation:
  world: world
  x: 0.5
  y: 33.0
  z: 0.5
  yaw: 295.65005
  pitch: -17.999987
ip-address: 152.173.34.36
last-account-name: MangoPlayer459
