timestamps:
  login: 1609483740554
  logout: 1609484162100
lastlocation:
  world: world
  x: 0.5
  y: 33.0
  z: 0.5
  yaw: 270.0
  pitch: 0.0
logoutlocation:
  world: world
  x: -53.42191686891616
  y: 30.0
  z: 2.952143017060036
  yaw: 356.5498
  pitch: -54.3001
ip-address: 200.39.137.74
last-account-name: JustLele
