timestamps:
  login: 1618253826235
  lastteleport: 1618253846843
  logout: 1618253888059
lastlocation:
  world: world
  x: 3.476509001613281
  y: 32.5
  z: 0.4360411027002915
  yaw: 272.6657
  pitch: 14.128218
logoutlocation:
  world: world
  x: 68.8880938170359
  y: 30.0
  z: 7.2117134336205195
  yaw: 83.021454
  pitch: 10.262654
ip-address: 179.4.0.240
last-account-name: LolFirstLove
