timestamps:
  login: 1621468959196
  logout: 1621468968107
  lastteleport: 1618836791173
lastlocation:
  world: world
  x: 0.5
  y: 33.0
  z: 0.5
  yaw: 265.35
  pitch: 6.6000004
logoutlocation:
  world: world
  x: 4.490840019821912
  y: 32.5
  z: 0.9363354536108558
  yaw: 276.30008
  pitch: 4.0500007
ip-address: 190.44.244.210
last-account-name: zazon222
