timestamps:
  login: 1618700187179
  lastteleport: 1618504844961
  logout: 1618700191719
lastlocation:
  world: world
  x: 1.9594717721917319
  y: 32.5
  z: -4.049535648891222
  yaw: 133.0422
  pitch: 17.099985
logoutlocation:
  world: world
  x: 0.5
  y: 33.0
  z: 0.5
  yaw: 269.25003
  pitch: 22.499968
ip-address: 170.82.190.225
last-account-name: Hashiramma
