timestamps:
  login: 1629341414193
  logout: 1629341443765
lastlocation:
  world: world
  x: 0.5
  y: 33.0
  z: 0.5
  yaw: 270.0
  pitch: 0.0
logoutlocation:
  world: world
  x: 1.0491398561223828
  y: 31.00133597911215
  z: -93.86388555552888
  yaw: 0.0
  pitch: 23.20002
ip-address: 186.104.86.184
last-account-name: Blacktechnologic
