timestamps:
  login: 1631670656298
  logout: 1631670664109
lastlocation:
  world: world
  x: 0.5
  y: 33.0
  z: 0.5
  yaw: 270.0
  pitch: 0.0
logoutlocation:
  world: world
  x: 0.5
  y: 33.0
  z: 0.5
  yaw: 268.10638
  pitch: 1.4632591
ip-address: 186.21.197.98
last-account-name: amaro_rv
