timestamps:
  login: 1611474786353
  logout: 1611474849233
lastlocation:
  world: world
  x: 0.5
  y: 33.0
  z: 0.5
  yaw: 270.0
  pitch: 0.0
logoutlocation:
  world: world
  x: 60.71231553868432
  y: 30.0
  z: -5.865149102296124
  yaw: 163.50433
  pitch: 22.64995
ip-address: 181.161.46.128
last-account-name: TaylorSeries
