timestamps:
  login: 1632877639315
  lastteleport: 1632703393522
  logout: 1632877645037
lastlocation:
  world: world
  x: 0.5064819204911363
  y: 32.5
  z: -5.09945636089488
  yaw: -176.61777
  pitch: 33.957077
logoutlocation:
  world: world
  x: 2.0698799512936286
  y: 32.5
  z: 0.496843078602586
  yaw: 269.73706
  pitch: 1.544349
ip-address: 190.114.54.10
last-account-name: dtk
