lastlocation:
  world: world
  x: 0.5
  y: 33.0
  z: 0.5
  yaw: 270.0
  pitch: 0.0
timestamps:
  login: 1612756750250
  logout: 1612756919918
logoutlocation:
  world: world
  x: 26.249852650184387
  y: 31.0
  z: -2.991892470978366
  yaw: -84.175026
  pitch: 15.865013
ip-address: 190.45.227.22
last-account-name: tucaxpro
