timestamps:
  login: 1622331148603
  logout: 1622331181039
  lastteleport: 1619391402042
lastlocation:
  world: world
  x: -0.005059351296851866
  y: 32.5
  z: -3.222672501525577
  yaw: 188.40015
  pitch: 7.050004
logoutlocation:
  world: world
  x: -0.0013199556126914924
  y: 30.0
  z: -93.84100201762091
  yaw: 0.0
  pitch: 13.500009
ip-address: 190.114.35.133
last-account-name: Kath070
