timestamps:
  login: 1612821109376
  logout: 1612821133524
lastlocation:
  world: world
  x: 0.5
  y: 33.0
  z: 0.5
  yaw: 270.0
  pitch: 0.0
logoutlocation:
  world: world
  x: -8.156064266319978
  y: 32.0
  z: 1.054275220060665
  yaw: 210.05
  pitch: 21.899998
ip-address: 152.173.74.191
last-account-name: danidurazno
