timestamps:
  login: 1611893327035
  logout: 1611893340951
lastlocation:
  world: world
  x: 0.5
  y: 33.0
  z: 0.28986001535421696
  yaw: 11.0
  pitch: 4.0
logoutlocation:
  world: world
  x: 4.487046341880877
  y: 32.5
  z: 0.3716853943529541
  yaw: 262.61597
  pitch: 5.845731
ip-address: 190.45.85.249
last-account-name: Sipo_Apruebo
