timestamps:
  login: 1587944585529
  logout: 1587944693449
lastlocation:
  world: world
  x: 0.5
  y: 33.0
  z: 0.5
  yaw: 270.0
  pitch: 0.0
logoutlocation:
  world: world
  x: 0.4149621168934443
  y: 30.0
  z: -93.85428288898242
  yaw: 0.0
  pitch: 7.649836
ip-address: 190.164.238.123
last-account-name: xSearF
