lastlocation:
  world: world
  x: 0.5
  y: 33.0
  z: 0.5
  yaw: 270.0
  pitch: 0.0
timestamps:
  login: 1613442789664
  logout: 1613442826973
logoutlocation:
  world: world
  x: 0.6794294350680603
  y: 30.0
  z: -93.83916980347117
  yaw: 0.0
  pitch: 6.84767
ip-address: 190.215.174.112
last-account-name: LayaN
