timestamps:
  login: 1622158678355
  logout: 1622158693780
  lastteleport: 1622149832532
lastlocation:
  world: world
  x: -2.977455149441944
  y: 32.5
  z: 0.49190919015478185
  yaw: 87.82107
  pitch: 13.042761
logoutlocation:
  world: world
  x: 0.5
  y: 33.0
  z: 0.5
  yaw: 270.0
  pitch: 0.0
ip-address: 186.156.108.173
last-account-name: juako_tortuga_XD
