timestamps:
  login: 1613004853247
  logout: 1613004923279
lastlocation:
  world: world
  x: 0.5
  y: 33.0
  z: 0.5
  yaw: 270.0
  pitch: 0.0
logoutlocation:
  world: world
  x: 14.838283842655397
  y: 30.5
  z: 0.5118287405094166
  yaw: 270.75006
  pitch: 2.8500001
ip-address: 152.174.12.31
last-account-name: Hisokka1312
