timestamps:
  login: 1587926744746
  logout: 1587926756998
lastlocation:
  world: world
  x: 0.5
  y: 33.0
  z: 0.5
  yaw: 270.0
  pitch: 0.0
logoutlocation:
  world: world
  x: 6.368614771293345
  y: 32.5
  z: 0.5
  yaw: 253.64467
  pitch: 28.882898
ip-address: 190.44.112.14
last-account-name: TakimotoHifumin
