timestamps:
  login: 1627774491929
  logout: 1627774520381
lastlocation:
  world: world
  x: 0.5
  y: 33.0
  z: 0.5
  yaw: 270.0
  pitch: 0.0
logoutlocation:
  world: world
  x: -3.4627350533758876
  y: 32.5
  z: 1.4943964704393682
  yaw: -0.7986003
  pitch: 38.30003
ip-address: 190.161.210.43
last-account-name: soffigh_
