timestamps:
  login: 1629570309792
  logout: 1629570338965
  lastteleport: 1623185395418
lastlocation:
  world: world
  x: -4.550900566015499
  y: 32.5
  z: 0.38916484432278076
  yaw: 85.503296
  pitch: 33.600155
logoutlocation:
  world: world
  x: -76.934364463316
  y: 30.0
  z: -7.730749898562934
  yaw: 48.0
  pitch: 15.0
ip-address: 186.11.98.78
last-account-name: killminekuro
