timestamps:
  login: 1589291161750
  logout: 1589291165734
lastlocation:
  world: world
  x: 0.5
  y: 33.0
  z: 0.5
  yaw: 270.0
  pitch: 0.0
logoutlocation:
  world: world
  x: 0.5
  y: 33.0
  z: 0.5
  yaw: 279.50858
  pitch: 16.704557
ip-address: 89.33.14.42
last-account-name: AmaliaBoassa
