timestamps:
  login: 1586302284430
  logout: 1586302295522
lastlocation:
  world: world
  x: 0.5
  y: 33.0
  z: 0.5
  yaw: 270.0
  pitch: 0.0
logoutlocation:
  world: world
  x: 0.5
  y: 33.0
  z: 0.5
  yaw: 271.19998
  pitch: 0.30000004
ip-address: 186.20.153.216
last-account-name: zSirDarkKuro_
