timestamps:
  login: 1629688597774
  logout: 1629688626537
lastlocation:
  world: world
  x: 0.5
  y: 33.0
  z: 0.5
  yaw: 270.0
  pitch: 0.0
logoutlocation:
  world: world
  x: 0.5
  y: 33.0
  z: 0.5
  yaw: 270.73444
  pitch: 1.713785
ip-address: 186.79.128.21
last-account-name: frenton
