timestamps:
  login: 1618865919517
  lastteleport: 1618866064714
  logout: 1618866098042
lastlocation:
  world: world
  x: 0.1578973527349986
  y: 32.5
  z: -3.4390634375686675
  yaw: 191.43231
  pitch: 21.610155
logoutlocation:
  world: world
  x: 1.3737271362783707
  y: 31.24918707874468
  z: -93.94938833409093
  yaw: 0.0
  pitch: 10.752894
ip-address: 201.241.0.206
last-account-name: DarkMil15
