timestamps:
  login: 1597763897105
  logout: 1597763913090
lastlocation:
  world: world
  x: 0.5
  y: 33.0
  z: 0.5
  yaw: 270.0
  pitch: 0.0
logoutlocation:
  world: world
  x: 0.9457941099824154
  y: 33.0
  z: 0.08552850709166811
  yaw: 273.15
  pitch: 12.900002
ip-address: 201.241.56.61
last-account-name: tocho
