timestamps:
  login: 1592016426823
  logout: 1592016506416
lastlocation:
  world: world
  x: 0.5
  y: 33.0
  z: 0.5
  yaw: 270.0
  pitch: 0.0
logoutlocation:
  world: world
  x: 2.374071121921621
  y: 33.0
  z: -0.8119851629781623
  yaw: 347.84967
  pitch: 16.05003
ip-address: 186.105.16.35
last-account-name: Pablo
