timestamps:
  login: 1628635951919
  logout: 1628635959226
  lastteleport: 1625870000786
lastlocation:
  world: world
  x: 5.048303048444015
  y: 32.5
  z: -0.21493668885530295
  yaw: 295.0
  pitch: 37.0
logoutlocation:
  world: world
  x: 0.5
  y: 33.0
  z: 0.5
  yaw: 267.45007
  pitch: 49.049995
ip-address: 181.43.145.10
last-account-name: Pipe2311
