timestamps:
  login: 1611801048967
  logout: 1611801793721
lastlocation:
  world: world
  x: -17.97176750529227
  y: 33.24918707874468
  z: 68.69999998807909
  yaw: 4.5210915
  pitch: 37.800156
logoutlocation:
  world: world
  x: 10.912401255180164
  y: 32.5
  z: -79.30982755265612
  yaw: 83.91626
  pitch: 15.448541
ip-address: 190.21.53.97
last-account-name: El_Sandia
