timestamps:
  login: 1604880159982
  logout: 1604880183322
  lastteleport: 1593645386052
lastlocation:
  world: world
  x: -8.670604640742425
  y: 32.5
  z: 3.760257099518956
  yaw: 9.599865
  pitch: 6.00001
logoutlocation:
  world: world
  x: 3.3405042412643717
  y: 32.5
  z: 0.7434308233990701
  yaw: 275.0
  pitch: -1.0
ip-address: 190.161.145.205
last-account-name: ElekisDee
