timestamps:
  login: 1606482359266
  logout: 1606482371532
  lastteleport: 1605014486208
lastlocation:
  world: world
  x: 0.9237356988482146
  y: 33.666109260938214
  z: -3.102199987950784
  yaw: 166.6001
  pitch: -35.249977
logoutlocation:
  world: world
  x: 0.5
  y: 33.0
  z: 0.5
  yaw: 269.40002
  pitch: 0.90000015
ip-address: 191.125.131.228
last-account-name: DilaonX
