timestamps:
  login: 1620451493777
  logout: 1620451503476
lastlocation:
  world: world
  x: -77.21750488529865
  y: 30.0
  z: 11.012969919751834
  yaw: 22.799976
  pitch: 10.007292
logoutlocation:
  world: world
  x: 0.5
  y: 33.0
  z: 0.5
  yaw: 11.101761
  pitch: 28.649952
ip-address: 84.17.45.159
last-account-name: Tio_Pikachu
