timestamps:
  login: 1585277379103
  logout: 1585277422610
lastlocation:
  world: world
  x: 0.5
  y: 33.0
  z: 0.5
  yaw: 270.0
  pitch: 0.0
logoutlocation:
  world: world
  x: 7.818156757445863
  y: 32.0
  z: 0.5842921258162712
  yaw: 274.35
  pitch: 52.35001
ip-address: 190.164.117.163
last-account-name: TheMamberroi
