timestamps:
  login: 1622330712348
  logout: 1622330734237
lastlocation:
  world: world
  x: 0.5
  y: 33.0
  z: 0.5
  yaw: 270.0
  pitch: 0.0
logoutlocation:
  world: world
  x: 10.860725001374195
  y: 31.5
  z: -0.6961041455185308
  yaw: 272.62085
  pitch: 4.4830265
ip-address: 200.120.169.6
last-account-name: alejandro
