timestamps:
  login: 1634576305798
  logout: 1634576332249
  lastteleport: 1628129970213
lastlocation:
  world: world
  x: 0.5
  y: 33.0
  z: 0.5
  yaw: 269.40002
  pitch: -0.45000008
logoutlocation:
  world: world
  x: 0.3796556530322863
  y: 33.0
  z: 0.5004791295030282
  yaw: 225.54996
  pitch: -15.35
ip-address: 45.232.95.97
last-account-name: Joacojajaxd2011
