timestamps:
  login: 1600314585592
  logout: 1600314606782
lastlocation:
  world: world
  x: 0.5
  y: 33.0
  z: 0.5
  yaw: 270.0
  pitch: 0.0
logoutlocation:
  world: world
  x: -66.44196112143119
  y: 30.0
  z: 0.3720278497165028
  yaw: -90.0
  pitch: 71.0
ip-address: 179.8.79.48
last-account-name: YoonGi
