timestamps:
  login: 1588030042962
  logout: 1588030134599
lastlocation:
  world: world
  x: 0.5
  y: 33.0
  z: 0.5
  yaw: 270.0
  pitch: 0.0
logoutlocation:
  world: world
  x: 4.5540941282978125
  y: 30.0
  z: -73.5902411656287
  yaw: 270.14993
  pitch: 12.150015
ip-address: 200.86.165.14
last-account-name: Nunitox
