timestamps:
  login: 1599113370167
  logout: 1599113476005
lastlocation:
  world: world
  x: 0.5
  y: 33.0
  z: 0.5
  yaw: 270.0
  pitch: 0.0
logoutlocation:
  world: world
  x: 0.12404128418371572
  y: 33.0
  z: 1.193323448491466
  yaw: 63.399624
  pitch: 14.599976
ip-address: 187.189.91.151
last-account-name: Kai00
