timestamps:
  login: 1631290933147
  logout: 1631290952112
  lastteleport: 1620261034466
lastlocation:
  world: world
  x: 1.188737125327511
  y: 33.0
  z: 1.188737125327511
  yaw: 269.53662
  pitch: -2.9791968
logoutlocation:
  world: world
  x: 0.5
  y: 33.0
  z: 0.5
  yaw: 270.1118
  pitch: 30.711504
ip-address: 190.47.38.101
last-account-name: Tomas2220
