timestamps:
  login: 1632712917145
  logout: 1632712964536
lastlocation:
  world: world
  x: 0.5
  y: 33.0
  z: 0.5
  yaw: 270.0
  pitch: 0.0
logoutlocation:
  world: world
  x: -0.7288233130144649
  y: 32.5
  z: -3.480580094910882
  yaw: 282.90002
  pitch: 17.550037
ip-address: 201.188.68.52
last-account-name: steve
