timestamps:
  login: 1617981886158
  logout: 1617981926979
  lastteleport: 1617841348865
lastlocation:
  world: world
  x: 5.957757967973478
  y: 32.5
  z: 0.29700268924356454
  yaw: 272.99976
  pitch: 6.749978
logoutlocation:
  world: world
  x: 0.5
  y: 33.0
  z: 0.5
  yaw: 276.74997
  pitch: -1.9500002
ip-address: 190.101.141.244
last-account-name: J4CK
