timestamps:
  login: 1625878938451
  logout: 1625879069070
lastlocation:
  world: world
  x: 0.5
  y: 33.0
  z: 0.5
  yaw: 270.0
  pitch: 0.0
logoutlocation:
  world: world
  x: 0.9553458200284383
  y: 32.5
  z: 3.5011072261115617
  yaw: 247.94644
  pitch: 14.100023
ip-address: 186.11.58.254
last-account-name: jojo
