timestamps:
  login: 1629413797625
  logout: 1629413862073
  lastteleport: 1627493619864
lastlocation:
  world: world
  x: -0.2607181300538395
  y: 32.5
  z: -3.2097765305498545
  yaw: -159.58951
  pitch: 10.613604
logoutlocation:
  world: world
  x: 0.051992805785679316
  y: 32.5
  z: 4.325369989109567
  yaw: 3.2604272
  pitch: 18.131884
ip-address: 181.202.78.91
last-account-name: Chech0o3
