timestamps:
  login: 1644624926830
  logout: 1644625507171
lastlocation:
  world: world
  x: -149.5039553558373
  y: -3389.7631445794486
  z: 63.69999998807907
  yaw: 313.2491
  pitch: -83.620186
logoutlocation:
  world: world
  x: -72.0695116184762
  y: 29.0
  z: 32.43247761879576
  yaw: 356.27612
  pitch: 85.36808
ip-address: 190.100.124.109
last-account-name: naflen
