timestamps:
  login: 1629519890486
  logout: 1629519899631
lastlocation:
  world: world
  x: -0.051012001348232416
  y: 33.0
  z: 1.597558024999714
  yaw: -6.8610935
  pitch: -27.89301
logoutlocation:
  world: world
  x: 3.0370678066150885
  y: 32.5
  z: 0.6310157379331347
  yaw: 275.44962
  pitch: 1.9499999
ip-address: 170.82.189.40
last-account-name: lukvvs
