timestamps:
  login: 1588012275627
  logout: 1588012291403
lastlocation:
  world: world
  x: 0.5
  y: 33.0
  z: 0.5
  yaw: 270.0
  pitch: 0.0
logoutlocation:
  world: world
  x: 0.5
  y: 33.0
  z: 0.5
  yaw: 262.05038
  pitch: 7.950003
ip-address: 201.246.86.196
last-account-name: CNiloG
