timestamps:
  login: 1624538062564
  lastteleport: 1623298964359
  logout: 1624538071164
lastlocation:
  world: world
  x: 4.208199622995752
  y: 32.5
  z: 0.4879667411028055
  yaw: 271.6499
  pitch: 4.0499954
logoutlocation:
  world: world
  x: 0.5
  y: 33.0
  z: 0.5
  yaw: 270.0
  pitch: 0.0
ip-address: 200.0.210.227
last-account-name: alejogamer700
