timestamps:
  login: 1625176356983
  lastteleport: 1624728422262
  logout: 1625176378278
lastlocation:
  world: world
  x: 4.34446192456349
  y: 32.5
  z: 0.6842678824069183
  yaw: 262.20056
  pitch: 12.599997
logoutlocation:
  world: world
  x: 0.639213982526278
  y: 33.0
  z: -0.1251573190347467
  yaw: 189.44998
  pitch: -5.2500014
ip-address: 190.161.200.152
last-account-name: ManuManitoo
