timestamps:
  login: 1633843974283
  logout: 1633844029572
  lastteleport: 1633843981722
lastlocation:
  world: world
  x: -3.626266810983681
  y: 32.5
  z: 0.5142826578245036
  yaw: 88.950165
  pitch: 13.350018
logoutlocation:
  world: world
  x: -36.08056708810332
  y: 30.0
  z: 0.4803958413426369
  yaw: 271.05014
  pitch: 4.950091
ip-address: 45.232.34.115
last-account-name: Ichi6o05
