timestamps:
  login: 1596654240021
  logout: 1596654284640
  lastteleport: 1594409291189
lastlocation:
  world: world
  x: -37.509380627066626
  y: 30.0
  z: -32.35017177781573
  yaw: 188.09955
  pitch: 34.49991
logoutlocation:
  world: world
  x: 0.5
  y: 33.0
  z: 0.5
  yaw: 268.50006
  pitch: -1.5
ip-address: 201.215.30.195
last-account-name: mr_wiz86
