timestamps:
  login: 1622031733279
  lastteleport: 1622031748946
  logout: 1622031785445
lastlocation:
  world: world
  x: 5.087634869841202
  y: 32.5
  z: 0.554674243336529
  yaw: 267.7431
  pitch: 6.356266
logoutlocation:
  world: world
  x: 77.29791939494444
  y: 30.0
  z: 5.214040959022638
  yaw: 228.50021
  pitch: 7.4342604
ip-address: 190.46.170.17
last-account-name: WizLeOoO
