timestamps:
  login: 1618167997074
  logout: 1618168074801
lastlocation:
  world: world
  x: 0.5
  y: 33.0
  z: 0.5
  yaw: 270.0
  pitch: 0.0
logoutlocation:
  world: world
  x: -16.063180538061903
  y: 30.0
  z: 60.37883164353843
  yaw: 129.95807
  pitch: -2.387598
ip-address: 201.239.107.241
last-account-name: Daimisa
