timestamps:
  login: 1624766003423
  logout: 1624766058550
  lastteleport: 1624766025704
lastlocation:
  world: world
  x: 0.25253803446322204
  y: 32.5
  z: -4.7160006668157735
  yaw: 184.20163
  pitch: 27.749931
logoutlocation:
  world: world
  x: 0.6185529856081398
  y: 30.0
  z: -93.8992791780206
  yaw: 0.0
  pitch: 7.650018
ip-address: 207.248.198.253
last-account-name: Alvarx7
