timestamps:
  login: 1632884531206
  lastteleport: 1632877744955
  logout: 1632884547229
lastlocation:
  world: world
  x: 0.5286857448373798
  y: 32.5
  z: -5.050906182397439
  yaw: 178.95111
  pitch: 17.249994
logoutlocation:
  world: world
  x: 0.5
  y: 33.0
  z: 0.5
  yaw: 252.14973
  pitch: 10.350004
ip-address: 201.188.68.52
last-account-name: AstroVio
