timestamps:
  login: 1627938427159
  lastteleport: 1627938450518
  logout: 1627938472984
lastlocation:
  world: world
  x: 0.6236606492910112
  y: 32.5
  z: -3.3225761655195623
  yaw: 175.85052
  pitch: 7.9265094
logoutlocation:
  world: world
  x: -1.4920697483799428
  y: 31.024424088213678
  z: -93.87728253304198
  yaw: 0.0
  pitch: 10.442496
ip-address: 190.46.185.95
last-account-name: EDUX3R
