timestamps:
  login: 1595654238086
  logout: 1595654291474
  lastteleport: 1588177795596
lastlocation:
  world: world
  x: 0.26813695318047476
  y: 30.0
  z: -45.22035770494146
  yaw: 175.04968
  pitch: 3.749985
logoutlocation:
  world: world
  x: 0.9391906190352026
  y: 33.0
  z: 0.49190442544862395
  yaw: 158.70079
  pitch: 11.699997
ip-address: 201.239.120.109
last-account-name: Nachico01
