timestamps:
  login: 1625806530236
  lastteleport: 1620187756854
  logout: 1625806538122
lastlocation:
  world: world
  x: 0.2179427980311215
  y: 32.5
  z: -3.694258455077173
  yaw: 189.92041
  pitch: 13.401774
logoutlocation:
  world: world
  x: -1.8520796992616329
  y: 30.0
  z: -93.683693343427
  yaw: 0.0
  pitch: 9.608823
ip-address: 181.43.145.158
last-account-name: K3ZH_
