timestamps:
  login: 1625110079098
  logout: 1625110118372
lastlocation:
  world: world
  x: 0.5
  y: 33.0
  z: 0.5
  yaw: 269.43268
  pitch: 20.990917
logoutlocation:
  world: world
  x: 1.170646269300085
  y: 33.0
  z: -0.2166596414984261
  yaw: 317.98035
  pitch: 13.971264
ip-address: 190.20.17.207
last-account-name: HNA999
