timestamps:
  login: 1594786031195
  logout: 1594786058724
lastlocation:
  world: world
  x: 0.5
  y: 33.0
  z: 0.5
  yaw: 270.0
  pitch: 0.0
logoutlocation:
  world: world
  x: 0.5
  y: 33.0
  z: 0.5
  yaw: -7.050046
  pitch: 23.099918
ip-address: 181.72.42.198
last-account-name: kritiko_
