timestamps:
  login: 1597726397360
  logout: 1597726698123
lastlocation:
  world: world
  x: 0.5
  y: 33.0
  z: 0.5
  yaw: 270.0
  pitch: 0.0
logoutlocation:
  world: world
  x: 7.76290463271753
  y: 32.0
  z: 0.48706989513674526
  yaw: 272.3999
  pitch: -9.300002
ip-address: 190.8.121.21
last-account-name: Cosperino
