timestamps:
  login: 1626671475231
  logout: 1626671477950
  lastteleport: 1617592806618
lastlocation:
  world: world
  x: -2.905844573305214
  y: 32.5
  z: 0.3693386547974535
  yaw: 84.14996
  pitch: 12.600005
logoutlocation:
  world: world
  x: 1.0645537756760717
  y: 32.5
  z: -1.8592197269269781
  yaw: 183.89993
  pitch: 11.550005
ip-address: 207.248.198.254
last-account-name: Thefinalstexts
