timestamps:
  login: 1597554764546
  logout: 1597554896933
lastlocation:
  world: world
  x: 0.5
  y: 33.0
  z: 0.5
  yaw: 270.0
  pitch: 0.0
logoutlocation:
  world: world
  x: -69.94346672459449
  y: 30.0
  z: 0.3108553633512499
  yaw: -90.0
  pitch: 77.84989
ip-address: 190.163.211.190
last-account-name: One_Maverick
