timestamps:
  login: 1624677127726
  logout: 1624677131408
lastlocation:
  world: world
  x: 0.5
  y: 33.0
  z: 0.5
  yaw: 270.0
  pitch: 0.0
logoutlocation:
  world: world
  x: 0.7709981692835011
  y: 33.0
  z: 0.4977452473089138
  yaw: 273.49542
  pitch: -2.5702715
ip-address: 207.248.198.242
last-account-name: NoName
