timestamps:
  login: 1596929299025
  logout: 1596929326332
lastlocation:
  world: world
  x: -70.53948179896115
  y: 30.0
  z: 0.07331685149276987
  yaw: -224.70123
  pitch: 82.04992
logoutlocation:
  world: world
  x: 4.60011663633415
  y: 32.5
  z: 0.0721743331845812
  yaw: 264.15002
  pitch: 48.750015
ip-address: 190.163.151.176
last-account-name: Leftz99
