timestamps:
  login: 1590014734771
  logout: 1590014817468
lastlocation:
  world: world
  x: 0.5
  y: 33.0
  z: 0.5
  yaw: 270.0
  pitch: 0.0
logoutlocation:
  world: world
  x: 21.247381714078344
  y: 31.0
  z: -75.30000001192093
  yaw: -29.100014
  pitch: 10.950029
ip-address: 190.5.32.87
last-account-name: Checho131
