timestamps:
  login: 1612922060753
  logout: 1612922067455
lastlocation:
  world: world
  x: 0.5
  y: 33.0
  z: 0.5
  yaw: 267.74982
  pitch: 0.90000015
logoutlocation:
  world: world
  x: 2.7889130398553776
  y: 33.0
  z: -1.393898132646561
  yaw: 2.249817
  pitch: 12.45
ip-address: 152.174.13.55
last-account-name: Ali_B747
