timestamps:
  login: 1595051200361
  logout: 1595051551739
  lastteleport: 1595051366553
lastlocation:
  world: world
  x: 57.15683175377836
  y: 30.0
  z: 0.5508898161869024
  yaw: 93.90039
  pitch: 5.5498805
logoutlocation:
  world: world
  x: -81.88954975990629
  y: 30.0
  z: -4.849776234979004
  yaw: -104.6997
  pitch: 9.15007
ip-address: 190.47.166.201
last-account-name: edu
