timestamps:
  login: 1595997755170
  logout: 1595997785583
lastlocation:
  world: world
  x: 0.5
  y: 33.0
  z: 0.5
  yaw: 270.0
  pitch: 0.0
logoutlocation:
  world: world
  x: 0.07762685554445728
  y: 31.024424088213678
  z: -94.65332954719491
  yaw: 0.0
  pitch: 13.799993
ip-address: 190.5.32.87
last-account-name: EcRoSe1
