timestamps:
  login: 1596165021640
  logout: 1596165039577
lastlocation:
  world: world
  x: 0.5
  y: 33.0
  z: 0.5
  yaw: 270.0
  pitch: 0.0
logoutlocation:
  world: world
  x: 2.8801471941558225
  y: 32.5
  z: 0.49968994558226487
  yaw: 271.64993
  pitch: 10.650002
ip-address: 190.100.32.37
last-account-name: Daniel3431
