timestamps:
  login: 1620442402616
  logout: 1620442428675
lastlocation:
  world: world
  x: 0.5
  y: 33.0
  z: 0.5
  yaw: 270.0
  pitch: 0.0
logoutlocation:
  world: world
  x: 0.22869503694229365
  y: 31.024424088213678
  z: -94.76826164798536
  yaw: 0.0
  pitch: 10.722623
ip-address: 181.43.131.234
last-account-name: MatiVice
