timestamps:
  login: 1589568855833
  lastteleport: 1589568744299
  logout: 1589568903262
lastlocation:
  world: world
  x: 5.397632434366825
  y: 32.5
  z: 0.5
  yaw: 270.0
  pitch: 0.0
logoutlocation:
  world: world
  x: 5.289318672711762
  y: 32.5
  z: 0.5
  yaw: 270.0
  pitch: 0.0
ip-address: 51.175.248.84
last-account-name: SparkyThePup
