timestamps:
  login: 1634752652018
  lastteleport: 1619666706878
  logout: 1634752728076
lastlocation:
  world: world
  x: 0.4187362399171842
  y: 32.5
  z: -3.796015893196019
  yaw: 181.05005
  pitch: -4.4999757
logoutlocation:
  world: world
  x: 0.5
  y: 33.0
  z: 0.5
  yaw: 49.249935
  pitch: 35.95001
ip-address: 181.203.40.168
last-account-name: eric
