timestamps:
  login: 1585968452758
  logout: 1585968457150
lastlocation:
  world: world
  x: 0.5
  y: 33.0
  z: 0.5
  yaw: 270.0
  pitch: 0.0
logoutlocation:
  world: world
  x: 0.5
  y: 33.0
  z: 0.5
  yaw: 274.42438
  pitch: -2.8855329
ip-address: 190.163.226.62
last-account-name: '645362'
