timestamps:
  login: 1627424465247
  logout: 1627424471223
  lastteleport: 1624154963025
lastlocation:
  world: world
  x: 3.946639776373337
  y: 32.5
  z: -0.07274287032714895
  yaw: 278.44916
  pitch: 10.0499935
logoutlocation:
  world: world
  x: 0.5
  y: 33.0
  z: 0.5
  yaw: 268.35004
  pitch: -3.0000002
ip-address: 186.67.240.199
last-account-name: MotorBerzerk18
