timestamps:
  login: 1589250584330
  logout: 1589250592880
lastlocation:
  world: world
  x: 0.5
  y: 33.0
  z: 0.5
  yaw: 270.0
  pitch: 0.0
logoutlocation:
  world: world
  x: 0.16301940532929116
  y: 30.0
  z: -20.017337746584424
  yaw: -182.10263
  pitch: 15.192308
ip-address: 190.5.32.90
last-account-name: Inti_sunny
