timestamps:
  login: 1627789686189
  logout: 1627789694480
  lastteleport: 1624497085739
lastlocation:
  world: world
  x: 0.5148919662450739
  y: 32.5
  z: -5.50883582884834
  yaw: 163.76169
  pitch: 8.460995
logoutlocation:
  world: world
  x: 0.5
  y: 33.0
  z: 0.5
  yaw: 310.902
  pitch: -0.60078144
ip-address: 186.105.114.29
last-account-name: MussTapia321
