timestamps:
  login: 1612559076901
  logout: 1612559103180
lastlocation:
  world: world
  x: 0.5
  y: 33.0
  z: 0.5
  yaw: 270.0
  pitch: 0.0
logoutlocation:
  world: world
  x: -1.2704664764154177
  y: 30.0
  z: -79.99591562341372
  yaw: 0.6530246
  pitch: 20.782326
ip-address: 186.21.141.185
last-account-name: im_xel0
