timestamps:
  login: 1619187303214
  logout: 1619188187992
  lastteleport: 1619188129414
lastlocation:
  world: world
  x: -19.5
  y: 30.0
  z: 62.5
  yaw: 240.74919
  pitch: -1.3500503
logoutlocation:
  world: world
  x: -19.5
  y: 30.0
  z: 62.5
  yaw: 240.74919
  pitch: -1.3500503
ip-address: 181.160.164.213
last-account-name: FatKat60312
