timestamps:
  login: 1624906530153
  lastteleport: 1622673069000
  logout: 1624906539538
lastlocation:
  world: world
  x: 0.029539731579993456
  y: 32.5
  z: -3.8663931724625225
  yaw: 192.4768
  pitch: 15.750005
logoutlocation:
  world: world
  x: 0.5
  y: 33.0
  z: 0.5
  yaw: 270.0
  pitch: 0.0
ip-address: 45.235.36.177
last-account-name: DarkWzzard19
