timestamps:
  login: 1594609646916
  logout: 1594609664838
  lastteleport: 1594609663427
lastlocation:
  world: world
  x: 0.10728605362778955
  y: 32.5
  z: -4.26729163199014
  yaw: 200.10019
  pitch: -65.249954
logoutlocation:
  world: world
  x: 0.5
  y: 30.0
  z: -45.5
  yaw: 180.89961
  pitch: -0.30001473
ip-address: 190.163.203.210
last-account-name: maarielaguayo
