timestamps:
  login: 1615066381553
  logout: 1615066423788
lastlocation:
  world: world
  x: 0.015852584591994734
  y: 33.0
  z: 0.4384072797011084
  yaw: 269.99997
  pitch: 7.396841E-8
logoutlocation:
  world: world
  x: 1.1221791322160413
  y: 32.5
  z: 4.088942499298257
  yaw: 179.49144
  pitch: 1.0648162
ip-address: 143.255.105.44
last-account-name: lominimo
