timestamps:
  login: 1628491763422
  logout: 1628491837273
  lastteleport: 1628491815499
lastlocation:
  world: world
  x: -2.66573938658813
  y: 32.5
  z: 0.8009436928489917
  yaw: 95.424194
  pitch: 7.5940385
logoutlocation:
  world: world
  x: -69.8314489523186
  y: 30.0
  z: 0.5475859229736687
  yaw: 97.50642
  pitch: 60.706177
ip-address: 190.160.91.37
last-account-name: rionio
