timestamps:
  login: 1618621932445
  logout: 1618622041429
lastlocation:
  world: world
  x: 0.5
  y: 33.0
  z: 0.5
  yaw: 270.0
  pitch: 0.0
logoutlocation:
  world: world
  x: 69.17311066269835
  y: 30.0
  z: -6.801915340831431
  yaw: 187.8
  pitch: 5.8500223
ip-address: 200.119.224.241
last-account-name: Austrel
