timestamps:
  login: 1626914667262
  logout: 1626914702385
lastlocation:
  world: world
  x: 0.5
  y: 33.0
  z: 0.5
  yaw: 270.0
  pitch: 0.0
logoutlocation:
  world: world
  x: 0.5
  y: 33.0
  z: 0.5
  yaw: 269.74838
  pitch: 5.24946
ip-address: 186.21.211.60
last-account-name: aronpiper
