timestamps:
  login: 1600662269910
  logout: 1600662284339
lastlocation:
  world: world
  x: 0.5
  y: 33.0
  z: 0.5
  yaw: 270.0
  pitch: 0.0
logoutlocation:
  world: world
  x: 0.929899058484563
  y: 33.0
  z: 0.48844634768152034
  yaw: 330.60004
  pitch: -0.7500006
ip-address: 201.241.56.61
last-account-name: rrrr
