timestamps:
  login: 1618811341325
  logout: 1618811383142
  lastteleport: 1618811369905
lastlocation:
  world: world
  x: 0.4209338828002936
  y: 32.5
  z: -4.511118394240371
  yaw: 185.69914
  pitch: 16.349976
logoutlocation:
  world: world
  x: 0.4089813307884265
  y: 30.0
  z: -93.75689695292685
  yaw: 0.0
  pitch: 5.699988
ip-address: 143.255.106.76
last-account-name: PEPE
