timestamps:
  login: 1625147131330
  lastteleport: 1623213319161
  logout: 1625147152046
lastlocation:
  world: world
  x: 2.359254203650594
  y: 32.5
  z: 0.5482396128013902
  yaw: 277.64987
  pitch: 19.199999
logoutlocation:
  world: world
  x: 5.855037616757507
  y: 32.0
  z: -0.9341706986459105
  yaw: 248.0
  pitch: 17.0
ip-address: 45.167.25.170
last-account-name: Jeremy1196
