timestamps:
  login: 1644624677419
  logout: 1644625440273
logoutlocation:
  world: world
  x: -9.270138758233832
  y: 30.0
  z: 8.669428403186858
  yaw: 355.20944
  pitch: 2.5498848
ip-address: 190.114.53.243
last-account-name: bynaycoo
