timestamps:
  login: 1626334467389
  logout: 1626334484505
lastlocation:
  world: world
  x: 0.5
  y: 33.0
  z: 0.5
  yaw: 270.0
  pitch: 0.0
logoutlocation:
  world: world
  x: 0.5
  y: 33.0
  z: 0.5
  yaw: 187.79651
  pitch: 6.6000023
ip-address: 200.83.141.244
last-account-name: Jucle
