timestamps:
  login: 1599926057517
  logout: 1599926064734
lastlocation:
  world: world
  x: 0.5
  y: 33.0
  z: 0.5
  yaw: 270.0
  pitch: 0.0
logoutlocation:
  world: world
  x: 0.9301948339571255
  y: 33.0
  z: 0.5038333096107852
  yaw: 270.74997
  pitch: 13.049976
ip-address: 81.244.147.82
last-account-name: PyroTechnics1990
