timestamps:
  login: 1618789779774
  logout: 1618789819679
lastlocation:
  world: world
  x: 0.5
  y: 33.0
  z: 0.5
  yaw: 270.0
  pitch: 0.0
logoutlocation:
  world: world
  x: 0.9360856061915332
  y: 32.5
  z: -4.341689865343494
  yaw: 159.8998
  pitch: 27.749964
ip-address: 190.121.91.54
last-account-name: smokyshark1
