timestamps:
  login: 1632192845028
  logout: 1632192884188
lastlocation:
  world: world
  x: -93.69999998807909
  y: 30.0
  z: -7.699999988079072
  yaw: -182.03285
  pitch: -90.0
logoutlocation:
  world: world
  x: 9.639595998494617
  y: 26.5
  z: -27.30000001192093
  yaw: 79.431526
  pitch: 18.493511
ip-address: 190.100.228.167
last-account-name: IDonGatol
