timestamps:
  login: 1625878714943
  logout: 1625878753117
lastlocation:
  world: world
  x: 0.5
  y: 33.0
  z: 0.5
  yaw: 270.0
  pitch: 0.0
logoutlocation:
  world: world
  x: 1.6187496106345796
  y: 33.0
  z: 0.3205386252815257
  yaw: 260.39935
  pitch: 15.899983
ip-address: 190.114.44.237
last-account-name: Seba
