timestamps:
  login: 1621362347404
  logout: 1621362368969
lastlocation:
  world: world
  x: 0.5
  y: 33.0
  z: 0.5
  yaw: 270.0
  pitch: 0.0
logoutlocation:
  world: world
  x: 19.74704068826788
  y: 30.0
  z: -1.238309545062105
  yaw: 266.39987
  pitch: -31.199997
ip-address: 200.120.169.6
last-account-name: BigChain
