timestamps:
  login: 1629163417358
  lastteleport: 1628527185927
  logout: 1629163434012
lastlocation:
  world: world
  x: 0.15004309833256407
  y: 32.5
  z: -2.623340245129647
  yaw: -169.64995
  pitch: 7.3500113
logoutlocation:
  world: world
  x: -0.5221252897878786
  y: 30.49520087700591
  z: -93.74889863738733
  yaw: 0.0
  pitch: 15.300034
ip-address: 190.153.148.203
last-account-name: YisusIsLife
