timestamps:
  login: 1613416359914
  logout: 1613416371120
lastlocation:
  world: world
  x: 0.5
  y: 33.0
  z: 0.5
  yaw: 270.0
  pitch: 0.0
logoutlocation:
  world: world
  x: 0.28838507327306323
  y: 33.0
  z: 0.5029603520073043
  yaw: 271.51898
  pitch: 2.8210204
ip-address: 190.114.58.39
last-account-name: Nashe
