timestamps:
  login: 1619010655692
  logout: 1619010690393
lastlocation:
  world: world
  x: 0.5
  y: 33.0
  z: 0.5
  yaw: 270.0
  pitch: 0.0
logoutlocation:
  world: world
  x: 23.22603705376188
  y: 30.0
  z: 0.2403821007143269
  yaw: 275.24954
  pitch: 11.099983
ip-address: 201.246.105.58
last-account-name: sofoko
