timestamps:
  login: 1595743921349
  logout: 1595744051177
lastlocation:
  world: world
  x: 0.5
  y: 33.0
  z: 0.5
  yaw: 270.0
  pitch: 0.0
logoutlocation:
  world: world
  x: -0.6827506280822301
  y: 30.0
  z: -93.84615124582366
  yaw: 0.0
  pitch: 1.95
ip-address: 181.72.42.198
last-account-name: kritiko
