timestamps:
  login: 1622161696066
  logout: 1622161756519
lastlocation:
  world: world
  x: 0.5
  y: 33.0
  z: 0.5
  yaw: 270.0
  pitch: 0.0
logoutlocation:
  world: world
  x: 0.6167742670516351
  y: 33.0
  z: 0.08591928766376264
  yaw: 266.25
  pitch: -89.84999
ip-address: 45.186.149.244
last-account-name: benja2010xd
