timestamps:
  login: 1624373497075
  logout: 1624373513706
lastlocation:
  world: world
  x: 0.5
  y: 33.0
  z: 0.5
  yaw: 283.47217
  pitch: 22.783817
logoutlocation:
  world: world
  x: 0.5
  y: 33.0
  z: 0.5
  yaw: 264.46307
  pitch: 2.516575
ip-address: 190.13.190.228
last-account-name: Astrowell
