timestamps:
  login: 1618798762939
  logout: 1618798783036
lastlocation:
  world: world
  x: 10.571139191643347
  y: 32.0
  z: 0.817599947805455
  yaw: 271.94992
  pitch: 5.2154064E-8
logoutlocation:
  world: world
  x: 10.5
  y: 32.0
  z: 0.5
  yaw: 272.0999
  pitch: 0.45000008
ip-address: 186.105.57.228
last-account-name: MatiTheCreator
