timestamps:
  login: 1600738717866
  logout: 1600738770561
lastlocation:
  world: world
  x: 0.5
  y: 33.0
  z: 0.5
  yaw: 270.0
  pitch: 0.0
logoutlocation:
  world: world
  x: 0.2684391389988951
  y: 33.0
  z: 0.03207201685664615
  yaw: -339.1496
  pitch: 79.65022
ip-address: 190.8.118.223
last-account-name: FRANCISCA
