timestamps:
  login: 1613194827434
  logout: 1613195043483
lastlocation:
  world: world
  x: 0.5
  y: 33.0
  z: 0.5
  yaw: 270.0
  pitch: 0.0
logoutlocation:
  world: world
  x: 0.7316803156740765
  y: 30.121296840539188
  z: -93.77791632229133
  yaw: 0.0
  pitch: 9.149994
ip-address: 186.34.55.29
last-account-name: ElPixulaLoka
