timestamps:
  login: 1628580283386
  logout: 1628580337382
  lastteleport: 1628580321810
lastlocation:
  world: world
  x: -4.556659993807827
  y: 32.5
  z: 0.5470298474645138
  yaw: 82.950264
  pitch: 24.749998
logoutlocation:
  world: world
  x: -9.076456685328047
  y: 32.0
  z: 0.18729408815220888
  yaw: 218.85071
  pitch: 21.00002
ip-address: 200.74.74.137
last-account-name: Gand10245
