timestamps:
  login: 1586277417027
  logout: 1586277833272
lastlocation:
  world: world
  x: 0.5
  y: 33.0
  z: 0.5
  yaw: 270.0
  pitch: 0.0
logoutlocation:
  world: world
  x: -1.9352361457349163
  y: 32.0
  z: -12.194433539145148
  yaw: -180.74518
  pitch: 20.849257
ip-address: 190.215.6.68
last-account-name: chrollo
