timestamps:
  login: 1620273403687
  logout: 1620273457790
  lastteleport: 1619412935128
lastlocation:
  world: world
  x: -4.462989699396061
  y: 32.5
  z: 0.5462342436570935
  yaw: 89.24997
  pitch: 8.999996
logoutlocation:
  world: world
  x: 3.0766570018656867
  y: 32.5
  z: -0.9696826589419933
  yaw: 0.90026855
  pitch: 41.550007
ip-address: 187.190.21.203
last-account-name: Kaitanabe00
