timestamps:
  login: 1596380110124
  logout: 1596380211644
  lastteleport: 1594987354712
lastlocation:
  world: world
  x: -0.08816269522226831
  y: 33.0
  z: 1.5171491379577091
  yaw: -15.000043
  pitch: 0.30000663
logoutlocation:
  world: world
  x: -61.512149350820565
  y: 26.86965380176003
  z: 16.288393464545635
  yaw: -97.16685
  pitch: -48.333313
ip-address: 95.21.253.106
last-account-name: alvaman
