timestamps:
  login: 1625878124011
  logout: 1625878128767
  lastteleport: 1621289461003
lastlocation:
  world: world
  x: 4.601251665606279
  y: 32.5
  z: 0.48407575451715634
  yaw: 268.65005
  pitch: 0.0
logoutlocation:
  world: world
  x: 0.20773939758358262
  y: 33.0
  z: -1.5623975665270182
  yaw: 121.35014
  pitch: 3.0
ip-address: 181.226.253.214
last-account-name: GravityCube
