timestamps:
  login: 1600651646735
  logout: 1600651679278
lastlocation:
  world: world
  x: 0.5
  y: 33.0
  z: 0.5
  yaw: 270.0
  pitch: 0.0
logoutlocation:
  world: world
  x: -70.71801857185896
  y: 30.0
  z: -0.04258587889717841
  yaw: 180.0
  pitch: 67.67398
ip-address: 179.8.72.138
last-account-name: YoonGiiiMiau
