timestamps:
  login: 1615066380240
  logout: 1615066417590
  lastteleport: 1588194084015
lastlocation:
  world: world
  x: 0.5
  y: 33.0
  z: 0.5
  yaw: 270.0
  pitch: 0.0
logoutlocation:
  world: world
  x: 0.9613942384185398
  y: 33.0
  z: 0.9613942384185398
  yaw: 273.00027
  pitch: 25.65003
ip-address: 143.255.105.44
last-account-name: Maguinium
