timestamps:
  login: 1617942208350
  logout: 1617942248380
lastlocation:
  world: world
  x: 0.5
  y: 33.0
  z: 0.5
  yaw: 270.0
  pitch: 0.0
logoutlocation:
  world: world
  x: -1.113715231605494
  y: 30.0
  z: -79.86523713508844
  yaw: 6.300007
  pitch: -4.1499987
ip-address: 190.46.200.87
last-account-name: jaleai
