timestamps:
  login: 1623531326230
  logout: 1623531328613
lastlocation:
  world: world
  x: 0.5
  y: 33.0
  z: 0.5
  yaw: 266.38428
  pitch: -14.961143
logoutlocation:
  world: world
  x: 0.5
  y: 33.0
  z: 0.5
  yaw: 270.22598
  pitch: -1.672395
ip-address: 200.74.1.224
last-account-name: Juxnpxhouston
