timestamps:
  login: 1619999898708
  logout: 1619999929802
lastlocation:
  world: world
  x: 0.5
  y: 33.0
  z: 0.5
  yaw: 270.0
  pitch: 0.0
logoutlocation:
  world: world
  x: 0.2969318942682626
  y: 33.0
  z: 0.2709330803707307
  yaw: 277.89532
  pitch: 41.82151
ip-address: 187.188.168.22
last-account-name: gusdrog45
