timestamps:
  login: 1622507152808
  lastteleport: 1622507178591
  logout: 1622507192326
lastlocation:
  world: world
  x: 0.3734647021119203
  y: 32.5
  z: -3.2344688156432375
  yaw: 191.24951
  pitch: 2.5499976
logoutlocation:
  world: world
  x: -1.262497810704006
  y: 30.0
  z: -93.944522772125
  yaw: 0.0
  pitch: 25.949984
ip-address: 190.160.43.58
last-account-name: EsteNOesStorbo
