timestamps:
  login: 1613416418914
  logout: 1613416444020
  lastteleport: 1597417361690
lastlocation:
  world: world
  x: 3.550652488932843
  y: 32.5
  z: 0.5171058588187438
  yaw: 274.80615
  pitch: 5.303402
logoutlocation:
  world: world
  x: 1.2433792567094901
  y: 33.0
  z: 0.5
  yaw: 269.566
  pitch: 1.4340031
ip-address: 190.114.58.39
last-account-name: the_ricahrd
