timestamps:
  login: 1620782359950
  logout: 1620782369825
  lastteleport: 1620775818258
lastlocation:
  world: world
  x: 0.4296033491247058
  y: 32.0
  z: -6.941731320018079
  yaw: 6.9000773
  pitch: -13.050014
logoutlocation:
  world: world
  x: 0.5
  y: 33.0
  z: 0.5
  yaw: 97.2001
  pitch: -3.3000019
ip-address: 200.124.62.68
last-account-name: lpial
