timestamps:
  login: 1595743974536
  logout: 1595744050207
lastlocation:
  world: world
  x: 0.5
  y: 33.0
  z: 0.5
  yaw: 270.0
  pitch: 0.0
logoutlocation:
  world: world
  x: -0.15526447901291202
  y: 30.0
  z: -93.96363147160082
  yaw: 0.0
  pitch: 5.400064
ip-address: 152.173.38.20
last-account-name: Panx0o
