timestamps:
  login: 1623110168325
  logout: 1623110197487
lastlocation:
  world: world
  x: 0.5
  y: 33.0
  z: 0.5
  yaw: 270.0
  pitch: 0.0
logoutlocation:
  world: world
  x: 3.599045511674196
  y: 32.5
  z: 1.6778889721229198
  yaw: 262.6498
  pitch: 59.24999
ip-address: 186.43.247.84
last-account-name: Diar
