timestamps:
  login: 1624214332876
  logout: 1624214348592
  lastteleport: 1622915646733
lastlocation:
  world: world
  x: 0.5
  y: 33.0
  z: 0.5
  yaw: 280.85803
  pitch: 4.701356
logoutlocation:
  world: world
  x: 0.5
  y: 33.0
  z: 0.5
  yaw: 259.0
  pitch: -21.0
ip-address: 190.124.153.156
last-account-name: SrTabo
