timestamps:
  login: 1619240001722
  logout: 1619240009020
lastlocation:
  world: world
  x: 0.5
  y: 33.0
  z: 0.5
  yaw: 270.0
  pitch: 0.0
logoutlocation:
  world: world
  x: 0.5
  y: 33.0
  z: 0.5
  yaw: 288.89993
  pitch: 2.2500029
ip-address: 191.119.157.92
last-account-name: ppl
