timestamps:
  login: 1635558097986
  logout: 1635558116803
  lastteleport: 1622506476961
lastlocation:
  world: world
  x: 0.7639091932160031
  y: 32.5
  z: -2.535384414604104
  yaw: 177.89978
  pitch: 16.949999
logoutlocation:
  world: world
  x: -0.45167991611051383
  y: 30.0
  z: 51.42047156855653
  yaw: 89.499985
  pitch: 7.8
ip-address: 181.43.217.145
last-account-name: Zhulu
