timestamps:
  login: 1620950998391
  lastteleport: 1620443326131
  logout: 1620951024734
lastlocation:
  world: world
  x: -0.6935695668357955
  y: 32.621296840539195
  z: -3.50648695627249
  yaw: 213.30005
  pitch: 14.400034
logoutlocation:
  world: world
  x: 0.28693706548073517
  y: 30.0
  z: -86.65334729893613
  yaw: -26.099998
  pitch: -15.150005
ip-address: 190.47.126.174
last-account-name: cacot
