timestamps:
  login: 1587872278272
  logout: 1587872286154
lastlocation:
  world: world
  x: 0.5
  y: 33.0
  z: 0.5
  yaw: 270.0
  pitch: 0.0
logoutlocation:
  world: world
  x: -0.4366991450378931
  y: 33.0
  z: 2.413111926457171
  yaw: -155.09967
  pitch: 19.649998
ip-address: 200.86.227.178
last-account-name: chiappeql
