timestamps:
  login: 1618971087019
  logout: 1618971421426
  lastteleport: 1618971103531
lastlocation:
  world: world
  x: 6.874065368780403
  y: 32.0
  z: 1.5516837715112402
  yaw: 164.25008
  pitch: -5.2500014
logoutlocation:
  world: world
  x: -12.2445400791231
  y: 30.0
  z: -62.345287961593066
  yaw: 246.30775
  pitch: 8.399862
ip-address: 186.106.225.48
last-account-name: Chamullo
