timestamps:
  login: 1629260313592
  lastteleport: 1621751643381
  logout: 1629260330897
lastlocation:
  world: world
  x: 4.38555847817722
  y: 32.5
  z: 0.5
  yaw: 270.0
  pitch: 24.149963
logoutlocation:
  world: world
  x: 9.441995050626737
  y: 32.0
  z: 1.386078396491798
  yaw: 282.89948
  pitch: 32.699944
ip-address: 181.73.149.211
last-account-name: JDMA2000
