timestamps:
  login: 1623775683076
  logout: 1623775705049
  lastteleport: 1623201075436
lastlocation:
  world: world
  x: 1.2052788541177513
  y: 32.5
  z: -6.057582815307563
  yaw: 53.09981
  pitch: 5.9999957
logoutlocation:
  world: world
  x: 1.1269323786847987
  y: 30.0
  z: -94.07791569415339
  yaw: -90.0
  pitch: 15.499999
ip-address: 186.156.103.200
last-account-name: vish0
