timestamps:
  login: 1618347466634
  logout: 1618347518035
lastlocation:
  world: world
  x: 0.5
  y: 33.0
  z: 0.5
  yaw: 270.0
  pitch: 0.0
logoutlocation:
  world: world
  x: 13.84287045401527
  y: 31.0
  z: -0.3661707335646286
  yaw: 277.19867
  pitch: 32.70004
ip-address: 190.46.202.28
last-account-name: rata
