timestamps:
  login: 1631913595820
  lastteleport: 1631754932150
  logout: 1631913645876
lastlocation:
  world: world
  x: 1.6328289354274435
  y: 32.5
  z: -3.058689905627536
  yaw: -202.23726
  pitch: 7.7749014
logoutlocation:
  world: world
  x: 0.5
  y: 33.0
  z: 0.5
  yaw: 270.0
  pitch: 0.0
ip-address: 181.203.102.239
last-account-name: Leyrrah
