timestamps:
  login: 1623373252669
  logout: 1623373254990
  lastteleport: 1623276109504
lastlocation:
  world: world
  x: 0.5
  y: 33.0
  z: 0.5
  yaw: 271.5
  pitch: 16.200003
logoutlocation:
  world: world
  x: 0.5
  y: 33.0
  z: 0.5
  yaw: 268.80005
  pitch: 9.750001
ip-address: 191.100.92.151
last-account-name: joelopomelo
