timestamps:
  login: 1635704511587
  logout: 1635704533421
lastlocation:
  world: world
  x: 0.5
  y: 33.0
  z: 0.5
  yaw: 37.199738
  pitch: -23.34998
logoutlocation:
  world: world
  x: -4.001791744017318
  y: 32.5
  z: 1.396201367981662
  yaw: 25.950003
  pitch: -13.100005
ip-address: 45.178.132.44
last-account-name: Efmerxksks
