timestamps:
  login: 1631763820184
  logout: 1631763838717
  lastteleport: 1619398081787
lastlocation:
  world: world
  x: 16.190582040158993
  y: 30.0
  z: 0.25618508743791424
  yaw: 267.95004
  pitch: 1.0
logoutlocation:
  world: world
  x: 0.5
  y: 33.0
  z: 0.5
  yaw: 265.05008
  pitch: 2.9499993
ip-address: 181.203.75.80
last-account-name: chipydayy
