timestamps:
  login: 1619794871906
  lastteleport: 1619533463269
  logout: 1619794917191
lastlocation:
  world: world
  x: 0.41059930206393835
  y: 32.5
  z: -2.557648976848813
  yaw: 180.50858
  pitch: 3.9230018
logoutlocation:
  world: world
  x: -0.10476896535944678
  y: 31.0
  z: -13.756441051458575
  yaw: 347.11954
  pitch: 10.136071
ip-address: 181.203.55.220
last-account-name: ReinosoBR
