timestamps:
  login: 1606925081336
  logout: 1606925141450
lastlocation:
  world: world
  x: 0.5
  y: 33.0
  z: 0.5
  yaw: 270.0
  pitch: 0.0
logoutlocation:
  world: world
  x: 0.09067416744063994
  y: 33.0
  z: 0.9393337460964846
  yaw: 62.099747
  pitch: -17.099993
ip-address: 186.21.197.166
last-account-name: Miloca8
