timestamps:
  login: 1586811174982
  logout: 1586811304842
lastlocation:
  world: world
  x: 0.5
  y: 33.0
  z: 0.5
  yaw: 270.0
  pitch: 0.0
logoutlocation:
  world: world
  x: -28.572067324706712
  y: 30.0
  z: -20.982190717871838
  yaw: 58.314987
  pitch: 32.854527
ip-address: 181.42.29.33
last-account-name: Bastiansito
