timestamps:
  login: 1589422958398
  logout: 1589423003204
lastlocation:
  world: world
  x: 0.5
  y: 33.0
  z: 0.5
  yaw: 270.0
  pitch: 0.0
logoutlocation:
  world: world
  x: 0.5546722430140985
  y: 33.0
  z: 0.282255610982462
  yaw: -6.5998483
  pitch: 17.849998
ip-address: 201.239.106.251
last-account-name: LordK
