timestamps:
  login: 1627182648566
  lastteleport: 1627178238871
  logout: 1627182667840
lastlocation:
  world: world
  x: -0.10752926817857802
  y: 32.67647087614427
  z: -3.085793689455352
  yaw: 192.89946
  pitch: 17.399986
logoutlocation:
  world: world
  x: -1.0871961458293264
  y: 30.0
  z: -94.3295685761184
  yaw: 0.0
  pitch: -2.650004
ip-address: 190.45.198.137
last-account-name: BinskySpecial
