timestamps:
  login: 1629466153113
  logout: 1629466172319
  lastteleport: 1629465426933
lastlocation:
  world: world
  x: -0.10689915081391388
  y: 32.5
  z: -3.644304778726787
  yaw: 193.75023
  pitch: 8.599953
logoutlocation:
  world: world
  x: 1.7837110513353114
  y: 33.0
  z: 0.637503663664399
  yaw: 256.05
  pitch: 14.850004
ip-address: 186.21.197.15
last-account-name: larrygamerxxx
