timestamps:
  login: 1635703558471
  logout: 1635703582166
  lastteleport: 1622269916603
lastlocation:
  world: world
  x: 0.5
  y: 33.0
  z: 0.5
  yaw: 249.27
  pitch: 39.3611
logoutlocation:
  world: world
  x: 0.5
  y: 33.0
  z: 0.5
  yaw: 304.93393
  pitch: 4.852926
ip-address: 186.78.82.196
last-account-name: PaNaCoTa2133
