timestamps:
  login: 1629841882336
  logout: 1629841898446
  lastteleport: 1629422135013
lastlocation:
  world: world
  x: 0.4342967480386019
  y: 32.5
  z: 3.98141524197619
  yaw: -7.350647
  pitch: 12.599982
logoutlocation:
  world: world
  x: 0.5
  y: 33.0
  z: 0.5
  yaw: 270.0
  pitch: 0.0
ip-address: 191.112.188.61
last-account-name: Rimurst
