timestamps:
  login: 1634784002935
  lastteleport: 1619140130317
  logout: 1634784005789
lastlocation:
  world: world
  x: 0.5
  y: 33.0
  z: 0.5
  yaw: 253.20067
  pitch: -8.850003
logoutlocation:
  world: world
  x: 0.5
  y: 33.0
  z: 0.5
  yaw: 262.5003
  pitch: 0.6000001
afk: false
ip-address: 186.78.29.41
last-account-name: Ruxur_jfc
