timestamps:
  login: 1629239202421
  logout: 1629239204798
  lastteleport: 1625008541460
lastlocation:
  world: world
  x: 1.3765398967625515
  y: 32.0
  z: -8.079869353698031
  yaw: 19.80487
  pitch: -4.350016
logoutlocation:
  world: world
  x: 0.5
  y: 33.0
  z: 0.5
  yaw: 276.74973
  pitch: 4.8000016
ip-address: 181.43.116.194
last-account-name: nxt4lia
