timestamps:
  login: 1644623674317
  lastteleport: 1644624082575
  logout: 1644624138922
lastlocation:
  world: world
  x: -156.02087535985635
  y: 30.0
  z: -0.7373994200098045
  yaw: 11.399422
  pitch: 10.50001
logoutlocation:
  world: world
  x: -194.21492445811413
  y: -418.84546373573255
  z: 19.286826356000212
  yaw: -38.250645
  pitch: 29.100115
ip-address: 190.160.229.44
last-account-name: ThorLegend108
