timestamps:
  login: 1625027179922
  lastteleport: 1618630772137
  logout: 1625027213389
lastlocation:
  world: world
  x: 0.6904450974018692
  y: 32.5
  z: -3.6298248504392308
  yaw: 179.38249
  pitch: 7.6335354
logoutlocation:
  world: world
  x: -0.16023215651458195
  y: 30.0
  z: -93.83309499941387
  yaw: 0.0
  pitch: 12.522533
ip-address: 200.120.147.202
last-account-name: cenitz
