timestamps:
  login: 1613439541223
  logout: 1613439545076
lastlocation:
  world: world
  x: 0.5
  y: 33.0
  z: 0.5
  yaw: 270.0
  pitch: 0.0
logoutlocation:
  world: world
  x: 0.5
  y: 33.0
  z: 0.5
  yaw: 281.09973
  pitch: -11.699996
ip-address: 190.102.239.151
last-account-name: DonLinito
