timestamps:
  login: 1588029617255
  logout: 1588029628302
lastlocation:
  world: world
  x: 0.5
  y: 33.0
  z: 0.5
  yaw: 270.0
  pitch: 0.0
logoutlocation:
  world: world
  x: 2.0814867288227203
  y: 32.5
  z: 0.5161120287464008
  yaw: 271.34995
  pitch: 1.8000001
ip-address: 190.101.103.114
last-account-name: SonicBlack
