timestamps:
  login: 1601859150635
  logout: 1601859295607
lastlocation:
  world: world
  x: 0.5
  y: 33.0
  z: 0.5
  yaw: 270.0
  pitch: 0.0
logoutlocation:
  world: world
  x: 6.436096435933793
  y: 32.5
  z: 1.046522393940461
  yaw: 271.2
  pitch: 26.100027
ip-address: 190.101.253.2
last-account-name: cony
