timestamps:
  login: 1619069077490
  lastteleport: 1619069116188
  logout: 1619069138298
lastlocation:
  world: world
  x: 0.4679099301788896
  y: 32.5
  z: -2.4634440375379922
  yaw: 182.8504
  pitch: 18.750051
logoutlocation:
  world: world
  x: -1.3997114104207609
  y: 30.0
  z: -93.95283147415002
  yaw: 0.0
  pitch: 13.950008
ip-address: 143.255.107.204
last-account-name: roxas
