timestamps:
  login: 1625181213990
  logout: 1625181243735
  lastteleport: 1625068565661
lastlocation:
  world: world
  x: 0.25573722151460604
  y: 32.5
  z: -3.50319308260571
  yaw: 184.25589
  pitch: 18.89354
logoutlocation:
  world: world
  x: 1.1111392398536126
  y: 30.0
  z: -36.534194332509294
  yaw: -197.85617
  pitch: 5.932389
ip-address: 89.131.233.124
last-account-name: Arepafrancesa
