timestamps:
  login: 1625507390045
  logout: 1625507415474
  lastteleport: 1590789200614
lastlocation:
  world: world
  x: -25.12912322153896
  y: 30.0
  z: 52.755923663293615
  yaw: 154.64442
  pitch: -3.37161
logoutlocation:
  world: world
  x: -14.076329321991416
  y: 32.0
  z: 68.69999998807907
  yaw: 141.20639
  pitch: 3.8888597
ip-address: 181.43.74.117
last-account-name: ShaguitoV
