timestamps:
  login: 1610760003356
  logout: 1610760262162
lastlocation:
  world: world
  x: 0.5
  y: 33.0
  z: 0.5
  yaw: 270.0
  pitch: 0.0
logoutlocation:
  world: world
  x: 19.674048721791074
  y: 31.0
  z: 61.51250063371061
  yaw: 300.17078
  pitch: 1.2352285
ip-address: 190.45.85.249
last-account-name: ACAB_Mata_Paco
