timestamps:
  login: 1612498781203
  logout: 1612498810961
lastlocation:
  world: world
  x: 0.5
  y: 33.0
  z: 0.5
  yaw: 270.0
  pitch: 0.0
logoutlocation:
  world: world
  x: 0.34798776909725565
  y: 32.5
  z: 2.9479196384707422
  yaw: 213.30003
  pitch: 28.050007
ip-address: 201.214.179.245
last-account-name: GenMaShiranui
