timestamps:
  login: 1596589988860
  logout: 1596590019321
lastlocation:
  world: world
  x: 0.5
  y: 33.0
  z: 0.5
  yaw: 270.0
  pitch: 0.0
logoutlocation:
  world: world
  x: 2.4104191756119038
  y: 30.121296840539188
  z: -93.82318562577892
  yaw: 0.0
  pitch: -1.9499775
ip-address: 181.72.42.198
last-account-name: crisis
