timestamps:
  login: 1628292919896
  logout: 1628292958154
lastlocation:
  world: world
  x: 0.5
  y: 33.0
  z: 0.5
  yaw: 270.0
  pitch: 0.0
logoutlocation:
  world: world
  x: 1.3156728521774235
  y: 33.0
  z: -1.326419403000525
  yaw: 158.70007
  pitch: 14.249993
ip-address: 186.156.103.200
last-account-name: vish00o
