timestamps:
  login: 1623803689382
  logout: 1623803719103
lastlocation:
  world: world
  x: 0.5
  y: 33.0
  z: 0.5
  yaw: 270.0
  pitch: 0.0
logoutlocation:
  world: world
  x: 3.7670456351718045
  y: 32.5
  z: 0.09551643619173984
  yaw: 102.949554
  pitch: 5.149959
ip-address: 190.209.42.121
last-account-name: Black_Cat_45
