timestamps:
  login: 1634948114048
  logout: 1634948173123
lastlocation:
  world: world
  x: 0.5
  y: 33.0
  z: 0.5
  yaw: 270.0
  pitch: 0.0
logoutlocation:
  world: world
  x: 0.5
  y: 33.0
  z: 0.5
  yaw: 82.100006
  pitch: 28.449999
ip-address: 181.42.54.113
last-account-name: SraGalletitaC1O
