timestamps:
  login: 1600385390672
  logout: 1600385412383
  lastteleport: 1590021027337
lastlocation:
  world: world
  x: 28.30000001192093
  y: 26.5
  z: -8.371167510150785
  yaw: 62.919678
  pitch: 15.813141
logoutlocation:
  world: world
  x: -83.75729349594033
  y: 30.0
  z: -0.38863192581263106
  yaw: 253.79782
  pitch: -4.213847
ip-address: 186.105.190.173
last-account-name: Keillesvirus32
