timestamps:
  login: 1624068129486
  lastteleport: 1620139869912
  logout: 1624068133197
lastlocation:
  world: world
  x: 1.3670120181789396
  y: 32.5
  z: -2.9848296483619783
  yaw: 159.96143
  pitch: 13.180472
logoutlocation:
  world: world
  x: 0.5
  y: 33.0
  z: 0.5
  yaw: 285.41797
  pitch: -4.450706
ip-address: 201.189.144.21
last-account-name: CookieMacree
