timestamps:
  login: 1620750312937
  logout: 1620750316973
lastlocation:
  world: world
  x: 0.5
  y: 33.0
  z: 0.5
  yaw: 270.0
  pitch: 0.0
logoutlocation:
  world: world
  x: 0.6402737456946521
  y: 33.0
  z: 0.05724544290531332
  yaw: 174.07191
  pitch: 14.080778
ip-address: 186.104.188.241
last-account-name: zpalo_cmlol
