timestamps:
  login: 1597975450419
  logout: 1597975480177
  lastteleport: 1597894786328
lastlocation:
  world: world
  x: 0.6722194751383723
  y: 32.5
  z: -3.661498409005998
  yaw: -178.05032
  pitch: -57.300014
logoutlocation:
  world: world
  x: 1.2200321700827619
  y: 30.49520087700591
  z: -93.75118539695457
  yaw: 0.0
  pitch: 16.799969
ip-address: 190.161.119.87
last-account-name: Drigo
