timestamps:
  login: 1623369924848
  lastteleport: 1622235025647
  logout: 1623370129893
lastlocation:
  world: world
  x: 0.5
  y: 33.0
  z: 0.5
  yaw: 274.79443
  pitch: -6.991808
logoutlocation:
  world: world
  x: -85.20188494587212
  y: 30.0
  z: -1.5736182166674273
  yaw: 335.21286
  pitch: 4.9942975
ip-address: 190.161.10.102
last-account-name: itsPalomino
