timestamps:
  login: 1612666520728
  logout: 1612666582960
lastlocation:
  world: world
  x: 0.5
  y: 33.0
  z: 0.5
  yaw: 270.0
  pitch: 0.0
logoutlocation:
  world: world
  x: 0.28887125687077453
  y: 33.0
  z: 0.5061517820926272
  yaw: 277.5001
  pitch: 14.099998
ip-address: 181.42.10.153
last-account-name: solsita
