timestamps:
  login: 1633022905981
  logout: 1633022918385
  lastteleport: 1621029437630
lastlocation:
  world: world
  x: 11.117089172910202
  y: 31.76636799395752
  z: 0.07586900361885338
  yaw: 264.78845
  pitch: 6.5265255
logoutlocation:
  world: world
  x: 9.12560564329335
  y: 32.0
  z: -0.24947505523233443
  yaw: 263.43335
  pitch: 8.564093
ip-address: 200.74.1.185
last-account-name: zpeedyy
