timestamps:
  login: 1629388202932
  logout: 1629388213935
  lastteleport: 1623185125366
lastlocation:
  world: world
  x: 2.3497486030490364
  y: 32.5
  z: 0.49556528495658925
  yaw: 269.68
  pitch: -0.106671944
logoutlocation:
  world: world
  x: 0.5
  y: 33.0
  z: 0.5
  yaw: 270.0
  pitch: 0.0
ip-address: 190.163.218.221
last-account-name: MrTocomple
