timestamps:
  login: 1624237417838
  lastteleport: 1624237423089
  logout: 1624237426136
lastlocation:
  world: world
  x: 0.33843141318154457
  y: 32.5
  z: -2.9886600769267826
  yaw: 182.09929
  pitch: 14.1
logoutlocation:
  world: world
  x: 0.5
  y: 30.0
  z: -45.5
  yaw: 175.64983
  pitch: 6.899988
ip-address: 186.78.135.80
last-account-name: DiegoKS
