timestamps:
  login: 1624765452907
  logout: 1624765461813
  lastteleport: 1624675191241
lastlocation:
  world: world
  x: 0.5
  y: 33.0
  z: 0.5
  yaw: 270.0
  pitch: 2.2499998
logoutlocation:
  world: world
  x: 0.5
  y: 33.0
  z: 0.5
  yaw: 270.3
  pitch: 6.1500006
ip-address: 186.106.211.51
last-account-name: Cristian367
