timestamps:
  login: 1619026915769
  logout: 1619026948191
lastlocation:
  world: world
  x: 0.5
  y: 33.0
  z: 0.5
  yaw: 270.0
  pitch: 0.0
logoutlocation:
  world: world
  x: -1.9749846810183176
  y: 32.5
  z: -2.2412593835507293
  yaw: 138.59975
  pitch: 15.300022
ip-address: 168.196.203.140
last-account-name: piSkyy
