timestamps:
  login: 1620525965993
  logout: 1620525980251
  lastteleport: 1597552906000
lastlocation:
  world: world
  x: 0.5
  y: 33.0
  z: 0.5
  yaw: 272.99997
  pitch: 17.250002
logoutlocation:
  world: world
  x: 3.922031040909398
  y: 32.5
  z: 0.9083128597335859
  yaw: 278.9
  pitch: 18.349998
ip-address: 190.114.35.12
last-account-name: charlyxdd
