timestamps:
  login: 1589249055585
  logout: 1589249129262
lastlocation:
  world: world
  x: 0.5
  y: 33.0
  z: 0.5
  yaw: 270.0
  pitch: 0.0
logoutlocation:
  world: world
  x: 0.5115674068131191
  y: 30.49520087700591
  z: -93.99879514911495
  yaw: 181.78833
  pitch: 27.299946
ip-address: 190.5.32.232
last-account-name: Chelaias
