timestamps:
  login: 1613006163809
  logout: 1613006173389
lastlocation:
  world: world
  x: 0.5
  y: 33.0
  z: 0.5
  yaw: 270.0
  pitch: 0.0
logoutlocation:
  world: world
  x: 11.613549399829353
  y: 31.0
  z: 0.5745542397695109
  yaw: 252.0
  pitch: -23.0
ip-address: 201.188.97.179
last-account-name: Dex
