timestamps:
  login: 1629425103679
  logout: 1629425129744
lastlocation:
  world: world
  x: 0.5
  y: 33.0
  z: 0.5
  yaw: 270.0
  pitch: -0.048705243
logoutlocation:
  world: world
  x: 2.3382251400957386
  y: 32.5
  z: 0.6068780141897944
  yaw: 263.87854
  pitch: -2.2763019
ip-address: 186.79.138.37
last-account-name: frenton_
