timestamps:
  login: 1626827330672
  logout: 1626827341049
lastlocation:
  world: world
  x: 0.5
  y: 33.0
  z: 0.5
  yaw: 274.88452
  pitch: 8.260959
logoutlocation:
  world: world
  x: 0.5
  y: 33.0
  z: 0.5
  yaw: 282.0
  pitch: 14.0
ip-address: 190.100.66.130
last-account-name: panchulo08
