timestamps:
  login: 1635733552722
  lastteleport: 1625173189336
  logout: 1635733558525
lastlocation:
  world: world
  x: -3.733288413199631
  y: 32.5
  z: 0.5217079470504636
  yaw: 89.69995
  pitch: 17.699995
logoutlocation:
  world: world
  x: 0.5
  y: 33.0
  z: 0.5
  yaw: 270.0
  pitch: 0.0
ip-address: 45.232.34.226
last-account-name: Ramsama1
