timestamps:
  login: 1629402525582
  logout: 1629402546333
lastlocation:
  world: world
  x: 0.5
  y: 33.0
  z: 0.5
  yaw: 270.0
  pitch: 0.0
logoutlocation:
  world: world
  x: 0.3828412094061493
  y: 33.0
  z: 0.5
  yaw: 242.25006
  pitch: -5.85
ip-address: 190.162.143.150
last-account-name: vichido
