timestamps:
  login: 1630796201953
  logout: 1630796213616
  lastteleport: 1619564382834
lastlocation:
  world: world
  x: -27.03425206457913
  y: 31.0
  z: 26.21094503248375
  yaw: 137.3836
  pitch: 15.526794
logoutlocation:
  world: world
  x: 0.5
  y: 33.0
  z: 0.5
  yaw: 310.99994
  pitch: 19.299997
ip-address: 201.219.233.185
last-account-name: Sth3fan0
