timestamps:
  login: 1632795720322
  lastteleport: 1632795740229
  logout: 1632795748630
lastlocation:
  world: world
  x: 0.8310914708376556
  y: 32.5
  z: -3.7382947032992777
  yaw: 178.19318
  pitch: 10.100544
logoutlocation:
  world: world
  x: -2.67657321462916
  y: 30.0
  z: -60.77120402666549
  yaw: 111.09751
  pitch: -5.350291
ip-address: 170.82.190.234
last-account-name: Mr_ZareX
