timestamps:
  login: 1631331123107
  logout: 1631331319285
  lastteleport: 1631331309897
lastlocation:
  world: world
  x: 1.8365998241974621
  y: 32.0
  z: -6.80549999627513
  yaw: 49.649605
  pitch: -3.9000447
logoutlocation:
  world: world
  x: 0.41804761271250773
  y: 30.0
  z: -49.74437345451949
  yaw: -15.450443
  pitch: -1.800011
ip-address: 201.239.186.75
last-account-name: matiaas
