timestamps:
  login: 1622238115060
  logout: 1622238123427
  lastteleport: 1620149951521
lastlocation:
  world: world
  x: 1.279121680869488
  y: 33.0
  z: 0.9663986525422749
  yaw: 312.69815
  pitch: 90.0
logoutlocation:
  world: world
  x: 0.5
  y: 33.0
  z: 0.5
  yaw: 223.50081
  pitch: 29.54997
ip-address: 186.20.32.243
last-account-name: KokeMPV
