timestamps:
  login: 1619727806716
  logout: 1619727864515
lastlocation:
  world: world
  x: 0.5
  y: 33.0
  z: 0.5
  yaw: 270.0
  pitch: 0.0
logoutlocation:
  world: world
  x: -3.323171225847852
  y: 32.5
  z: -0.11534547370490632
  yaw: 73.7858
  pitch: 22.67203
ip-address: 190.114.35.153
last-account-name: Joaquinecs
