timestamps:
  login: 1600485615200
  logout: 1600485623628
lastlocation:
  world: world
  x: 0.5
  y: 33.0
  z: 0.5
  yaw: 270.0
  pitch: 0.0
logoutlocation:
  world: world
  x: 0.5
  y: 33.0
  z: 0.5
  yaw: 260.47614
  pitch: 4.2082095
ip-address: 190.215.99.132
last-account-name: josefavds
