timestamps:
  login: 1635703342562
  logout: 1635703355266
lastlocation:
  world: world
  x: 1.1104401020486714
  y: 33.0
  z: 0.6940401982398153
  yaw: 287.99417
  pitch: -3.9499679
logoutlocation:
  world: world
  x: 9.114236918917445
  y: 32.0
  z: 0.39035635707815936
  yaw: 268.24402
  pitch: 10.7526865
ip-address: 186.78.82.196
last-account-name: zadberz
