timestamps:
  login: 1592715176182
  logout: 1592715238936
lastlocation:
  world: world
  x: 0.5
  y: 33.0
  z: 0.5
  yaw: 270.0
  pitch: 0.0
logoutlocation:
  world: world
  x: 8.795836764255167
  y: 32.0
  z: 1.337822642106235
  yaw: 72.74991
  pitch: 28.199976
ip-address: 201.239.88.63
last-account-name: Blackiller0401
