timestamps:
  login: 1630113548082
  logout: 1630113573479
  lastteleport: 1629597454700
lastlocation:
  world: world
  x: 1.7392940996190296
  y: 32.5
  z: -3.7913317360802523
  yaw: 145.80019
  pitch: 29.699867
logoutlocation:
  world: world
  x: 1.0142623214257336
  y: 30.0
  z: -94.45570059615766
  yaw: 0.0
  pitch: 13.749995
ip-address: 186.106.223.211
last-account-name: valkyraeee
