timestamps:
  login: 1615066305684
  logout: 1615066314045
lastlocation:
  world: world
  x: 0.5
  y: 33.0
  z: 0.5
  yaw: 270.0
  pitch: 0.0
logoutlocation:
  world: world
  x: 0.5
  y: 33.0
  z: 0.5
  yaw: 164.10112
  pitch: 2.700017
ip-address: 143.255.105.44
last-account-name: Catita
