timestamps:
  login: 1623531771415
  logout: 1623532172497
  lastteleport: 1623531929295
lastlocation:
  world: world
  x: 1.897627874377865
  y: 32.0
  z: 6.239521980581202
  yaw: 90.7062
  pitch: 19.412642
logoutlocation:
  world: world
  x: -87.00086541577895
  y: 30.0
  z: 13.997917740501729
  yaw: 201.5752
  pitch: 89.13925
ip-address: 131.0.55.51
last-account-name: Rodo_my
