timestamps:
  login: 1609479942106
  logout: 1609480102228
lastlocation:
  world: world
  x: 0.5
  y: 33.0
  z: 0.5
  yaw: 270.0
  pitch: 0.0
logoutlocation:
  world: world
  x: 1.219495713242478
  y: 32.0
  z: -8.387470033252416
  yaw: -180.59985
  pitch: 33.74998
ip-address: 45.232.32.151
last-account-name: Megune
