timestamps:
  login: 1628777134822
  logout: 1628777147374
  lastteleport: 1626734881965
lastlocation:
  world: world
  x: 5.8287987785917625
  y: 32.5
  z: 0.5
  yaw: 270.0
  pitch: 0.0
logoutlocation:
  world: world
  x: 1.5602649876827615
  y: 33.0
  z: 1.3435970174948988
  yaw: 176.98114
  pitch: 14.756538
ip-address: 181.74.29.187
last-account-name: gatoH50
