timestamps:
  login: 1588211639475
  lastteleport: 1588211559413
  logout: 1588211708168
lastlocation:
  world: world
  x: -24.086035036953067
  y: 30.0
  z: 44.369999893528
  yaw: -199.74458
  pitch: 36.339745
logoutlocation:
  world: world
  x: -0.5865453279597177
  y: 30.49520087700591
  z: -93.87804832643138
  yaw: 186.2381
  pitch: 8.21201
ip-address: 200.104.193.235
last-account-name: Nariz
