timestamps:
  login: 1624408764445
  logout: 1624408824106
  lastteleport: 1620774636640
lastlocation:
  world: world
  x: 0.5
  y: 33.0
  z: 0.5
  yaw: 272.3186
  pitch: 0.5983171
logoutlocation:
  world: world
  x: 14.94343830716043
  y: 30.5
  z: 0.44383207462300645
  yaw: 279.72018
  pitch: -1.9024515
ip-address: 190.21.56.162
last-account-name: xZiiches
