timestamps:
  login: 1625522455064
  logout: 1625522534168
lastlocation:
  world: world
  x: 0.5
  y: 33.0
  z: 0.5
  yaw: 270.0
  pitch: 0.0
logoutlocation:
  world: world
  x: 29.82279515759884
  y: 30.0
  z: 52.8617008083334
  yaw: 167.70166
  pitch: 2.2500253
ip-address: 201.215.243.103
last-account-name: Sebamonjechupalo
