timestamps:
  login: 1632413053043
  lastteleport: 1632413061375
  logout: 1632413074766
lastlocation:
  world: world
  x: 3.61747157116574
  y: 32.5
  z: 0.22726927534977145
  yaw: 270.74997
  pitch: 5.8500047
logoutlocation:
  world: world
  x: 41.16805200940308
  y: 30.0
  z: 0.10937390451426429
  yaw: 91.35018
  pitch: 9.299872
ip-address: 190.47.61.184
last-account-name: Ericksen_11
