timestamps:
  login: 1617811480542
  logout: 1617811484789
lastlocation:
  world: world
  x: 0.5
  y: 33.0
  z: 0.5
  yaw: 270.0
  pitch: 0.0
logoutlocation:
  world: world
  x: 2.181773542745185
  y: 33.0
  z: 0.1322534704145623
  yaw: 265.08487
  pitch: 23.347206
ip-address: 201.223.102.249
last-account-name: Charliegamer2020
