timestamps:
  login: 1586210906322
  logout: 1586211016321
lastlocation:
  world: world
  x: 0.5
  y: 33.0
  z: 0.5
  yaw: 270.0
  pitch: 0.0
logoutlocation:
  world: world
  x: -0.4686380356195949
  y: 32.5
  z: 3.252654307862158
  yaw: 184.3496
  pitch: 6.548409
ip-address: 200.83.26.232
last-account-name: Kroder
