timestamps:
  login: 1615062833565
  logout: 1615062841667
lastlocation:
  world: world
  x: 0.5
  y: 33.0
  z: 0.5
  yaw: 270.0
  pitch: 0.0
logoutlocation:
  world: world
  x: 0.5
  y: 33.0
  z: 0.5
  yaw: 265.95007
  pitch: 0.30000007
ip-address: 186.11.116.59
last-account-name: s4l1er1
