timestamps:
  login: 1628637823653
  logout: 1628637838377
  lastteleport: 1628573918173
lastlocation:
  world: world
  x: 3.7502026338144967
  y: 32.5
  z: 1.4630681686393736
  yaw: 253.55003
  pitch: 16.149996
logoutlocation:
  world: world
  x: 0.5
  y: 33.0
  z: 0.5
  yaw: 270.0
  pitch: 0.0
ip-address: 190.20.188.39
last-account-name: Antonio20056
