timestamps:
  login: 1625522412914
  logout: 1625522540171
lastlocation:
  world: world
  x: 0.5
  y: 33.0
  z: 0.5
  yaw: 270.0
  pitch: 0.0
logoutlocation:
  world: world
  x: 3.699999988079072
  y: 32.0
  z: -2.870012879434946
  yaw: 323.02264
  pitch: 17.165873
ip-address: 191.116.200.75
last-account-name: hombrehonesto
