timestamps:
  login: 1593841526112
  logout: 1593841558536
  lastteleport: 1593841541268
lastlocation:
  world: world
  x: 4.055133922554713
  y: 31.0
  z: 21.92495959223406
  yaw: 357.54257
  pitch: 15.889236
logoutlocation:
  world: world
  x: 0.5
  y: 30.0
  z: 45.5
  yaw: 199.07104
  pitch: 8.585056
ip-address: 152.174.66.252
last-account-name: Abarzua
