timestamps:
  login: 1618970513399
  logout: 1618970558425
lastlocation:
  world: world
  x: 0.5
  y: 33.0
  z: 0.5
  yaw: 270.0
  pitch: 0.0
logoutlocation:
  world: world
  x: -1.5745294141424706
  y: 30.0
  z: -85.20329127777929
  yaw: -5.599978
  pitch: 8.999999
ip-address: 186.11.82.236
last-account-name: camiix_x
