timestamps:
  login: 1625518573278
  lastteleport: 1625519018120
  logout: 1625519027170
lastlocation:
  world: world
  x: -7.08027542957865
  y: 32.0
  z: 1.1012583822439306
  yaw: -108.44574
  pitch: -17.40006
logoutlocation:
  world: world
  x: -70.84266847624555
  y: 30.0
  z: 1.1442090260702846
  yaw: 199.65013
  pitch: 43.799934
ip-address: 181.43.33.41
last-account-name: Nobaittap
