timestamps:
  login: 1587870405416
  logout: 1587870455906
lastlocation:
  world: world
  x: 0.5
  y: 33.0
  z: 0.5
  yaw: 270.0
  pitch: 0.0
logoutlocation:
  world: world
  x: 1.0059619646323863
  y: 33.0
  z: 0.5
  yaw: 267.75024
  pitch: 9.599993
ip-address: 190.101.103.114
last-account-name: Sonic_Black
