timestamps:
  login: 1587871225016
  logout: 1587871436601
lastlocation:
  world: world
  x: 0.5
  y: 33.0
  z: 0.5
  yaw: 270.0
  pitch: 0.0
logoutlocation:
  world: world
  x: -10.68650802459479
  y: 30.0
  z: 56.21531385300045
  yaw: 220.35101
  pitch: 19.04947
ip-address: 201.188.73.8
last-account-name: Onny
