timestamps:
  login: 1621309067050
  logout: 1621309120430
lastlocation:
  world: world
  x: 0.5
  y: 33.0
  z: 0.5
  yaw: 270.0
  pitch: 0.0
logoutlocation:
  world: world
  x: 0.7170787262580712
  y: 30.0
  z: -93.77300861924732
  yaw: 0.0
  pitch: 16.200008
ip-address: 190.21.192.142
last-account-name: fito
