timestamps:
  login: 1628648359990
  logout: 1628648368974
lastlocation:
  world: world
  x: 18.747916545930927
  y: 30.0
  z: 0.11655858058001228
  yaw: 270.65112
  pitch: 6.850005
logoutlocation:
  world: world
  x: 0.5
  y: 33.0
  z: 0.5
  yaw: 8.997589
  pitch: 8.550015
ip-address: 45.225.93.243
last-account-name: Chelo_Perez
