timestamps:
  login: 1595744268714
  logout: 1595744274712
  lastteleport: 1595743972604
lastlocation:
  world: world
  x: 0.5056604899085667
  y: 33.0
  z: 0.503598416462796
  yaw: 268.95004
  pitch: 14.55
logoutlocation:
  world: world
  x: 0.5
  y: 33.0
  z: 0.5
  yaw: 267.7501
  pitch: 7.650001
ip-address: 201.239.127.10
last-account-name: SOMOHPRUSIANOH
