timestamps:
  login: 1632274762763
  logout: 1632274775530
  lastteleport: 1623164548087
lastlocation:
  world: world
  x: 0.5
  y: 33.0
  z: 0.5
  yaw: 249.45001
  pitch: 15.300012
logoutlocation:
  world: world
  x: 0.5
  y: 33.0
  z: 0.5
  yaw: 148.65038
  pitch: -31.800009
ip-address: 190.82.249.98
last-account-name: Danny332
