timestamps:
  login: 1609476961963
  logout: 1609476989238
lastlocation:
  world: world
  x: 0.5
  y: 33.0
  z: 0.5
  yaw: 270.0
  pitch: 0.0
logoutlocation:
  world: world
  x: 0.3671473594837521
  y: 33.0
  z: 0.36290814913638964
  yaw: 180.28015
  pitch: 3.7706447
ip-address: 186.26.118.239
last-account-name: MasterRin
