timestamps:
  login: 1623198906135
  logout: 1623198966284
lastlocation:
  world: world
  x: 0.5
  y: 33.0
  z: 0.5
  yaw: 270.0
  pitch: 0.0
logoutlocation:
  world: world
  x: 0.8730979227555637
  y: 33.0
  z: 0.7614481060393206
  yaw: 129.4507
  pitch: -88.19998
ip-address: 186.156.103.200
last-account-name: visho00
