timestamps:
  login: 1587947844638
  logout: 1587948023549
lastlocation:
  world: world
  x: 0.5
  y: 33.0
  z: 0.5
  yaw: 270.0
  pitch: 0.0
logoutlocation:
  world: world
  x: -2.0435092264514614
  y: 30.0
  z: -93.95383360849968
  yaw: 0.0
  pitch: 16.349968
ip-address: 190.164.4.88
last-account-name: vania_py
