timestamps:
  login: 1609476510652
  logout: 1609476559251
lastlocation:
  world: world
  x: 0.5
  y: 33.0
  z: 0.5
  yaw: 270.0
  pitch: 0.0
logoutlocation:
  world: world
  x: 0.3449505892899242
  y: 33.0
  z: 1.1215733540373203
  yaw: 170.77771
  pitch: 6.937974
ip-address: 186.26.118.239
last-account-name: AetherRingo
