timestamps:
  login: 1596937619766
  logout: 1596937623436
lastlocation:
  world: world
  x: 0.5
  y: 33.0
  z: 0.5
  yaw: 270.0
  pitch: 0.0
logoutlocation:
  world: world
  x: 0.5
  y: 33.0
  z: 0.5
  yaw: 284.24994
  pitch: -6.5999937
ip-address: 190.20.29.33
last-account-name: chimi_8
