timestamps:
  login: 1635787384186
  lastteleport: 1622420714698
  logout: 1635787403269
lastlocation:
  world: world
  x: 51.94403659985984
  y: 30.0
  z: -3.5254150284940584
  yaw: 309.84995
  pitch: 3.6000006
logoutlocation:
  world: world
  x: 0.5
  y: 33.0
  z: 0.5
  yaw: 269.10004
  pitch: -1.5
ip-address: 200.74.1.185
last-account-name: ThyfTN
