timestamps:
  login: 1620441869483
  logout: 1620441898327
lastlocation:
  world: world
  x: 0.5
  y: 33.0
  z: 0.5
  yaw: 270.0
  pitch: 0.0
logoutlocation:
  world: world
  x: 0.5267357470211317
  y: 30.0
  z: -93.95132676914263
  yaw: 0.0
  pitch: 8.700007
ip-address: 190.160.49.45
last-account-name: Eldesgraciao
