timestamps:
  login: 1628647844089
  lastteleport: 1625177355157
  logout: 1628647849222
lastlocation:
  world: world
  x: 1.0665160624103214
  y: 32.5
  z: -4.378522546344842
  yaw: 159.8999
  pitch: 12.450043
logoutlocation:
  world: world
  x: 0.5
  y: 33.0
  z: 0.5
  yaw: 270.0
  pitch: 0.0
ip-address: 186.11.116.159
last-account-name: FloFloo
