timestamps:
  login: 1629221333338
  logout: 1629221402060
  lastteleport: 1629221373502
lastlocation:
  world: world
  x: 0.7622995687647672
  y: 32.5
  z: -4.119196066098484
  yaw: 176.99994
  pitch: 11.850018
logoutlocation:
  world: world
  x: 0.8220594986056946
  y: 30.0
  z: -94.50753333692721
  yaw: 270.41122
  pitch: 26.100016
ip-address: 190.113.214.79
last-account-name: jared05
