timestamps:
  login: 1618623958975
  lastteleport: 1618620855333
  logout: 1618623970632
lastlocation:
  world: world
  x: 0.6839444771430977
  y: 32.621296840539195
  z: -4.691964080104002
  yaw: 186.5336
  pitch: 49.162945
logoutlocation:
  world: world
  x: 1.1218462570263428
  y: 30.0
  z: -94.64583826503586
  yaw: 0.0
  pitch: 18.694395
ip-address: 181.226.32.75
last-account-name: Mabroso
