timestamps:
  login: 1634595058178
  logout: 1634595114949
  lastteleport: 1634595112136
lastlocation:
  world: world
  x: 0.48711098897423616
  y: 32.5
  z: -3.199957176958364
  yaw: 181.60425
  pitch: 16.3617
logoutlocation:
  world: world
  x: 0.5
  y: 30.0
  z: -45.5
  yaw: 67.928604
  pitch: 5.1050234
ip-address: 201.239.63.108
last-account-name: masaki23
