timestamps:
  login: 1623421592873
  logout: 1623421598096
lastlocation:
  world: world
  x: 13.582753869207924
  y: 31.0
  z: 0.49675078846878534
  yaw: 269.9113
  pitch: -0.08872683
logoutlocation:
  world: world
  x: 0.5
  y: 33.0
  z: 0.5
  yaw: 269.91125
  pitch: 0.8872694
ip-address: 190.232.205.144
last-account-name: andrewYTelpro
