timestamps:
  login: 1633829908529
  logout: 1633829969220
lastlocation:
  world: world
  x: 0.5
  y: 33.0
  z: 0.5
  yaw: 270.0
  pitch: 0.0
logoutlocation:
  world: world
  x: 44.103616103321755
  y: 30.0
  z: 0.6832755692264432
  yaw: 269.51483
  pitch: 5.0200176
ip-address: 191.112.66.132
last-account-name: gorge373
