timestamps:
  login: 1618610761789
  lastteleport: 1618608012543
  logout: 1618610821085
lastlocation:
  world: world
  x: 4.0014700178645715
  y: 32.5
  z: 0.6534845032037258
  yaw: 262.72858
  pitch: 16.815712
logoutlocation:
  world: world
  x: 14.86437713949603
  y: 30.5
  z: 0.7163647973064331
  yaw: 88.16492
  pitch: 0.6672486
ip-address: 190.114.42.185
last-account-name: Cartawe
