timestamps:
  login: 1622315522494
  logout: 1622315539537
lastlocation:
  world: world
  x: 0.5
  y: 33.0
  z: 0.5
  yaw: 270.0
  pitch: 0.0
logoutlocation:
  world: world
  x: 0.5
  y: 33.0
  z: 0.5
  yaw: 302.54984
  pitch: 4.799998
ip-address: 45.178.132.44
last-account-name: brunouwu
