timestamps:
  login: 1621308909455
  logout: 1621308969823
  lastteleport: 1621306009370
lastlocation:
  world: world
  x: -0.04287455871450166
  y: 32.5
  z: 4.052635365628018
  yaw: 351.14978
  pitch: 16.500048
logoutlocation:
  world: world
  x: 0.9302314020015052
  y: 33.0
  z: 0.5
  yaw: 270.0
  pitch: 0.0
ip-address: 190.21.192.142
last-account-name: Phito
