timestamps:
  login: 1619979609665
  logout: 1619979636652
lastlocation:
  world: world
  x: 0.5
  y: 33.0
  z: 0.5
  yaw: 270.0
  pitch: 0.0
logoutlocation:
  world: world
  x: -7.18057260021781
  y: 30.0
  z: -58.87740794357485
  yaw: 34.204033
  pitch: 23.149971
ip-address: 190.114.58.26
last-account-name: EcRoSe_
