timestamps:
  login: 1625522566605
  logout: 1625522570715
  lastteleport: 1625522446850
lastlocation:
  world: world
  x: 1.326544490075433
  y: 32.5
  z: 4.236997312123084
  yaw: 23.248857
  pitch: 14.699987
logoutlocation:
  world: world
  x: 5.618034362053034
  y: 32.5
  z: -0.23395180897879594
  yaw: 272.99988
  pitch: 35.09998
ip-address: 190.114.58.40
last-account-name: Aleeeunu
