timestamps:
  login: 1606537588270
  logout: 1606537879498
lastlocation:
  world: world
  x: 5.00423495757113
  y: 32.5
  z: 0.5
  yaw: 269.7
  pitch: 0.30000004
logoutlocation:
  world: world
  x: -32.209117498157326
  y: 30.0
  z: 0.28446544016242925
  yaw: 75.75013
  pitch: 9.900009
ip-address: 191.126.129.99
last-account-name: alex77450
