timestamps:
  login: 1597894755157
  logout: 1597894778218
lastlocation:
  world: world
  x: 0.5
  y: 33.0
  z: 0.5
  yaw: 270.0
  pitch: 0.0
logoutlocation:
  world: world
  x: 2.97986599567761
  y: 32.0
  z: -5.673985856871175
  yaw: -330.74966
  pitch: 26.999979
ip-address: 190.102.239.18
last-account-name: whxnil
