timestamps:
  login: 1619634078400
  lastteleport: 1619634134569
  logout: 1619634277713
lastlocation:
  world: world
  x: 82.55793701749583
  y: 30.0
  z: 5.837581429540561
  yaw: 288.9001
  pitch: -0.7501275
logoutlocation:
  world: world
  x: 1.5523486681881735
  y: 30.0
  z: 37.87647126762296
  yaw: 180.30032
  pitch: 11.849888
ip-address: 45.178.132.20
last-account-name: Dreamxist
