timestamps:
  login: 1632704143881
  logout: 1632704163838
lastlocation:
  world: world
  x: 0.5
  y: 33.0
  z: 0.5
  yaw: 270.0
  pitch: 0.0
logoutlocation:
  world: world
  x: 0.5211634909494888
  y: 30.0
  z: -93.95472084772031
  yaw: 0.0
  pitch: 10.449997
ip-address: 190.163.213.100
last-account-name: bongus
