timestamps:
  login: 1606348007535
  logout: 1606348086115
lastlocation:
  world: world
  x: 0.5
  y: 33.0
  z: 0.5
  yaw: 270.0
  pitch: 0.0
logoutlocation:
  world: world
  x: -5.164062233671764
  y: 31.0
  z: 45.787873446285
  yaw: 164.9498
  pitch: 6.2000313
ip-address: 181.43.29.80
last-account-name: Choro_Carloncho
