timestamps:
  login: 1603245924314
  logout: 1603246051797
lastlocation:
  world: world
  x: 0.5
  y: 33.0
  z: 0.5
  yaw: 270.0
  pitch: 0.0
logoutlocation:
  world: world
  x: 1.3494655305031977
  y: 30.0
  z: -42.86191100336944
  yaw: 190.49998
  pitch: -5.100002
ip-address: 190.101.111.151
last-account-name: cedella
