timestamps:
  login: 1618293437279
  logout: 1618293445688
lastlocation:
  world: world
  x: 0.5
  y: 33.0
  z: 0.5
  yaw: 270.0
  pitch: 0.0
logoutlocation:
  world: world
  x: 1.7741543749870174
  y: 33.0
  z: 0.6485393834384718
  yaw: 275.8927
  pitch: 13.956461
ip-address: 201.214.219.115
last-account-name: Kone
