timestamps:
  login: 1597894755578
  logout: 1597894774358
lastlocation:
  world: world
  x: 0.5
  y: 33.0
  z: 0.5
  yaw: 270.0
  pitch: 0.0
logoutlocation:
  world: world
  x: 1.5587752521518188
  y: 33.0
  z: 1.5822423411193052
  yaw: 154.62402
  pitch: 19.994658
ip-address: 181.42.49.218
last-account-name: Nachops
