timestamps:
  login: 1623971823275
  logout: 1623971892021
lastlocation:
  world: world
  x: 0.5
  y: 33.0
  z: 0.5
  yaw: 270.0
  pitch: 0.0
logoutlocation:
  world: world
  x: 0.5
  y: 33.0
  z: 0.5
  yaw: 273.69397
  pitch: 44.439037
ip-address: 187.188.168.22
last-account-name: Gusdrog45_YT
