timestamps:
  login: 1617593479330
  logout: 1617593493076
lastlocation:
  world: world
  x: 0.5
  y: 33.0
  z: 0.5
  yaw: 270.0
  pitch: 0.0
logoutlocation:
  world: world
  x: 14.778258282424773
  y: 31.0
  z: 0.6170300305325771
  yaw: 269.81918
  pitch: 8.633171
ip-address: 186.156.124.227
last-account-name: Andres__Urt
