spawns: 
  default: 
    world: world
    x: -11.463083994502245
    y: 30.0
    z: 12.59719805439942
    yaw: 0.0
    pitch: 0.0
