world: world
x: 449.6299575946229
y: 77.0
z: 528.732006145858
yaw: -87.31836
pitch: 36.149975
name: Poblado
lastowner: 619b8704-1356-3aa2-8df6-17420fd2d434
