world: world
x: 372.0671254141189
y: 72.5
z: -442.42139455353373
yaw: 89.699905
pitch: 33.449978
name: Recompensas
lastowner: b319b04c-ede3-36b1-ac74-131f573b07a9
