world: world
x: 496.58128419437395
y: 76.0
z: 529.5052139307155
yaw: -89.568375
pitch: 6.150011
name: TeleBazar
lastowner: b319b04c-ede3-36b1-ac74-131f573b07a9
